432
1024
1
1025
2
6
7
8
1036
1037
14
15
1041
2065
18
2067
1044
21
2071
24
1049
1050
27
31
33
1060
37
40
1065
1067
1070
1072
54
1078
56
1080
2104
58
1083
60
1084
1085
2109
63
1087
2111
66
67
72
1100
2124
77
79
81
1105
1107
1109
2133
1113
2137
91
95
2143
97
2146
2147
100
1124
1127
2152
105
2153
1130
2154
1132
2156
1133
2160
1138
2164
1142
2166
2167
120
1145
1147
2172
2174
1154
133
2181
2183
138
1162
139
1167
1168
1169
1171
148
151
1175
1196
1203
1205
189
1215
1219
196
1221
200
1226
204
206
1231
1233
1234
1245
224
1251
231
1257
234
236
241
1270
247
1273
251
1277
1281
1284
1285
263
1287
267
268
1294
273
1297
277
279
1304
282
284
1308
1309
1317
294
297
1325
1326
1327
1328
306
308
1334
313
317
1341
319
1343
321
1345
323
1349
1354
1361
1362
341
344
1369
353
1379
1380
1381
360
1388
1390
1394
371
1396
377
380
382
387
388
389
1413
1423
1424
401
1425
402
1427
405
1431
1432
1438
415
1439
1440
1441
419
421
423
1447
426
428
430
1454
431
432
1462
1465
448
451
1475
468
469
471
475
1500
1502
485
1512
490
1519
1521
1522
502
506
507
508
509
1534
518
1544
1550
528
531
535
1559
1560
1573
551
552
1584
562
1587
1589
1592
572
1597
574
575
578
580
1611
590
592
594
597
599
1627
604
1628
606
1632
1634
1636
614
1639
1641
1642
622
627
628
630
1655
632
1657
637
642
643
644
1668
1672
650
1681
660
661
663
665
1699
679
1705
682
1707
684
1708
1710
1719
1720
700
703
1728
705
710
713
1737
1738
1739
716
1740
718
1743
1755
733
1757
737
740
1768
745
747
1771
1772
1773
754
756
1788
1793
772
1797
774
776
777
1803
787
1812
789
793
1817
1823
1826
804
805
1831
1832
814
1839
818
821
1849
1850
828
1855
833
1859
1860
1863
841
1866
1867
1868
1869
847
1872
850
852
1880
1884
1892
869
1894
871
872
1900
877
1901
879
1911
1914
1915
1918
1920
901
1933
1942
1945
1947
1948
927
1951
928
937
940
1964
1965
1966
944
946
1972
1973
950
951
1980
1984
963
1990
1995
1997
976
2001
2002
2004
2005
986
2010
988
2012
990
1000
2034
2036
2038
1016
1017
2041
2043
1020
1022
2046
17
32
99
163
4
7
136
74
138
44
47
81
20
84
151
122
59
95
