149
259
515
6
262
7
265
525
271
783
1039
274
21
533
1046
537
540
1052
1054
31
1057
36
804
549
1061
551
808
809
1066
1068
302
814
815
818
52
566
822
311
567
56
568
313
825
319
575
64
1089
1091
837
1093
584
331
846
81
849
594
84
86
598
600
91
605
861
94
351
352
868
871
872
617
106
107
366
624
880
886
125
893
895
384
902
903
392
648
137
138
652
141
909
398
400
913
150
155
923
925
416
673
929
162
420
677
166
167
680
939
942
433
948
949
950
439
958
959
192
448
449
963
452
964
199
711
456
201
203
460
462
463
719
210
467
724
980
213
981
985
474
476
733
994
740
491
245
757
504
1018
763
764
511
1023
9
33
70
55
87
8
40
14
30
79
