1008
8197
2054
6153
11
6155
4110
4112
8210
8211
8212
4118
6167
8215
6169
8218
6172
6173
2078
4128
8224
8225
34
6178
8227
37
4134
2087
2088
6184
8232
4138
4139
8235
2093
47
4143
2098
8243
2101
4149
6197
55
57
6205
8257
8261
4166
8263
6218
79
2127
6227
88
2136
2137
8285
8287
6240
97
8289
99
8294
2151
104
4200
8297
2154
8300
2158
4208
6257
6258
115
4212
6262
122
6270
127
4232
6286
6288
148
2196
4254
6306
2212
2213
4261
2215
2216
169
2220
176
4272
177
2225
4274
2230
4281
186
6332
192
2246
200
2248
6358
4311
219
220
2268
221
6365
4319
4321
6371
2277
6373
6378
236
4336
6384
241
4337
6386
2291
244
4341
6390
249
4345
251
253
6398
6400
258
260
2308
262
6406
2311
6408
265
4363
6411
4368
2322
275
283
6427
285
290
2339
293
4389
4390
2343
2346
2347
6443
2349
2350
4398
303
6453
311
2359
312
4409
6460
317
318
6462
321
4421
2374
4422
2375
4424
332
6480
339
4442
2395
2397
6493
6497
6499
2406
360
361
4457
4458
2411
4459
4463
6511
368
4466
373
375
2423
2429
4478
4479
2433
4481
4484
390
4489
6539
2444
4492
4498
4500
4504
2464
4517
422
4519
2478
2480
2481
6579
2484
2485
6581
440
2488
6584
6587
6589
2496
6593
6598
4552
6600
6601
458
2506
4555
460
4561
466
6614
2520
6619
476
6625
482
2530
484
4581
487
491
2539
2540
4589
2545
4595
6643
2548
6647
510
2561
4610
6659
4616
522
526
6673
6674
531
6676
2581
6679
2585
538
2588
4637
2593
6690
548
550
551
2603
556
2608
2612
4660
6708
4661
570
2618
4666
2623
577
6721
578
4680
2634
2635
4686
593
2641
4689
597
6745
6750
2655
4704
4705
2658
6755
6756
6757
4712
622
623
2679
6778
4738
2696
4745
2698
4746
652
4748
653
4750
659
4755
6804
661
663
4759
4762
667
2716
4764
4766
4767
673
2722
6819
4774
6823
680
4776
4777
6827
685
2733
4782
4783
6832
6834
4788
4789
6837
2746
4794
6842
6845
2754
707
2755
4804
4809
716
4819
6867
724
6871
6872
6873
730
4831
743
2792
750
4846
4849
6898
2803
4852
757
758
4858
6908
4862
6910
2819
4867
773
6919
780
784
2832
4882
789
4886
6934
2845
6943
2857
2864
822
4918
2871
825
4921
826
6971
4928
2881
2882
6978
2883
2884
6984
841
6987
4941
2898
4947
2906
7006
4964
869
7013
870
2919
872
4968
874
2926
2927
4976
881
7027
885
4982
7030
2941
4991
4992
4993
7042
4997
7048
2955
908
5005
5009
914
5011
918
7063
923
2971
7067
2976
5024
5025
930
7077
936
7081
7083
940
941
2991
7088
5042
2997
5046
951
953
7101
7103
3008
961
5059
5060
7112
970
3018
3024
981
982
3031
3034
7138
5093
3049
7145
1002
1007
3056
3057
5105
3058
5106
7156
3061
5110
7158
1015
3063
3065
5113
1020
3071
5120
3080
5129
3087
1040
7184
5138
1045
1049
7193
1051
3099
3100
1053
1055
1056
7201
3107
3108
3115
1069
1070
3118
5166
3121
5169
1075
5171
7219
5174
7222
5176
1081
1093
7242
7243
5197
7245
3150
3152
5202
7251
5204
7255
3160
5208
3161
3163
7260
3169
1124
1126
3176
1129
1132
5231
7287
7288
7289
7290
7292
5246
1153
7299
3210
1163
3211
3215
5264
5265
1170
7319
3227
5275
3228
1182
5281
7329
5284
3245
1207
7351
3256
7356
7359
1217
1221
3269
7368
3273
5321
1226
5330
1236
1238
5334
1242
3294
5343
7392
5345
1250
1251
5347
3300
5355
1264
3316
3318
1274
1277
5373
1278
3329
5378
3331
1284
1286
7437
1295
7439
7440
5394
7442
5397
3351
7447
5402
1308
5404
1309
5407
7456
5409
7460
5414
1321
5419
5420
7468
5423
7472
7473
7475
1335
1336
5435
3391
3394
7490
1349
5445
5448
1356
1359
5457
3410
7506
5461
7512
1371
5467
7516
3422
1375
5471
7521
3428
5478
3431
7527
7529
7532
7533
3438
5487
1392
5491
1396
7540
1399
3447
5498
7546
5503
7551
5506
7554
1411
5508
1414
7558
7566
7571
1431
7586
7587
7591
5545
5546
5548
3506
5554
7604
1461
7605
5558
7608
5561
7609
3514
1468
5569
7618
1475
7621
7622
3528
5577
7628
5583
7634
3539
5589
3542
7643
7646
1504
5600
7649
3554
7650
1507
5604
3558
5606
5607
7656
5609
7657
3562
5610
7658
1516
3565
7662
1519
3572
3577
7673
1532
3582
1535
1543
1544
3592
1552
5648
3602
3607
5662
7710
1567
7711
1576
7720
7722
3628
1590
1594
1595
3643
3644
5692
7740
3647
3648
5696
1608
7752
3658
7754
1612
5708
7756
5711
5712
5713
1624
7770
5728
1633
5731
3684
5736
1641
3689
7786
1646
7792
3697
1651
3699
1652
5748
1653
5749
1654
7798
1655
3703
3704
5755
7805
3710
3712
1665
7812
3717
3719
5769
3722
1676
1679
3727
7823
1682
5783
1690
3742
7844
5797
5798
7851
3756
1709
7855
7857
5812
5814
1720
7865
1727
3776
1732
7876
5829
7877
3783
5832
7883
7884
7886
1746
1754
7898
5855
5856
1761
5860
5861
1767
7913
3818
1771
7917
7920
3835
5883
3836
7933
3842
3847
1800
1801
5903
1818
3866
5914
5916
3870
5918
7968
1825
1826
7976
3881
3882
3883
1836
3885
7981
1839
1844
1845
7993
5946
1853
5954
3911
3913
5961
1866
3914
8011
5969
8019
1877
5973
5975
8026
3931
8028
8029
8031
5986
5990
5991
5993
1898
1900
1904
6001
6004
3961
3963
6012
8061
6018
8067
8069
3982
1939
1940
1947
8092
6053
8102
4008
4010
8108
1965
8112
4019
4020
1973
6070
4023
1976
8120
4025
6076
8127
6081
4034
6083
6085
4038
8135
1992
6094
6095
8143
6098
4053
4056
6104
2010
2011
4059
6107
8157
4063
4064
2017
2019
4067
8163
8164
6118
8166
8167
8168
4073
6123
2028
8173
2031
8176
2033
4081
2034
4082
8183
4092
22
96
67
165
70
39
40
10
11
76
108
112
82
178
52
148
53
24
152
155
156
93
95
