600
0
1026
3
1027
4
5
1030
8
9
1033
11
1035
12
1036
1037
1039
1040
17
18
1043
20
1044
22
1046
1049
28
1052
1053
38
39
1063
43
44
46
1070
1071
1073
1074
1076
1077
1078
1079
56
1080
57
59
1084
1086
1088
1089
1090
67
1091
69
1093
73
1101
1102
1103
80
1105
1109
1110
1111
88
1113
91
93
94
98
100
102
103
105
1130
1131
108
111
1137
117
119
1143
120
1145
125
1149
1150
127
1152
1153
132
133
134
137
1162
140
141
1166
1167
1168
1169
150
153
1177
154
1178
156
1180
157
1181
158
159
1183
1184
161
1185
1186
1188
1189
167
169
170
171
1195
173
1197
174
176
1200
177
1201
1203
180
1204
181
1205
1213
191
192
1216
193
1217
195
198
1223
200
1224
1225
1227
205
1229
206
1230
207
1231
208
1238
215
1239
216
1240
217
1241
218
1242
221
225
226
1250
1251
230
232
233
234
235
236
1260
1264
241
1267
245
1269
246
1271
1273
250
251
1275
253
254
1279
1280
258
259
260
1284
1288
265
266
267
1296
273
1297
275
276
277
1305
1306
283
1309
286
1310
288
1312
290
1315
292
1316
293
1317
1322
299
1323
302
1326
1327
304
305
1332
1334
314
1338
315
1339
1340
317
1342
320
1344
321
1346
323
1349
326
1350
1353
1354
332
1356
333
1357
336
1360
1361
1362
1363
1365
345
347
1371
348
349
1375
352
354
1378
356
1380
1381
1383
1387
365
366
1390
368
1392
369
1393
1396
375
1399
376
1401
378
379
380
1405
1406
1407
387
389
1413
1415
392
394
1420
397
1422
1423
1424
401
402
1426
403
1427
404
1428
1429
406
1430
1431
408
1434
412
1437
1438
415
1440
418
1442
419
1444
1445
1446
1453
1457
1458
1459
1460
437
438
1463
440
441
1465
443
1467
1468
1470
447
1471
1472
1474
452
1476
1477
1478
1480
458
459
1483
1484
461
463
1487
466
1491
468
1493
471
472
1497
1498
1502
480
484
486
1510
487
1511
1512
489
1513
1516
1518
495
1521
498
1525
1526
503
505
506
507
1531
508
1532
509
510
1535
512
1539
516
517
518
1543
1545
522
523
1547
1548
527
1552
1554
1555
1557
535
537
539
540
1564
1565
542
1566
547
1571
548
1573
550
551
1576
1577
1579
559
1584
1586
564
1588
565
566
568
569
570
571
1595
1597
1599
1600
578
582
584
588
590
593
598
600
602
604
605
606
607
609
612
615
621
622
633
636
637
638
639
640
644
645
647
652
654
658
664
666
667
668
670
673
674
675
676
679
680
681
682
684
689
694
696
698
700
703
705
707
708
709
713
715
718
722
725
729
733
734
737
742
746
749
750
753
754
757
758
762
763
764
769
776
779
780
788
791
792
796
798
800
802
803
807
808
812
818
819
820
824
825
826
831
832
834
838
842
843
844
847
848
849
851
852
853
856
857
859
866
869
872
873
875
876
879
880
888
891
897
902
905
907
908
909
910
915
917
919
923
931
938
939
940
946
948
953
956
958
960
962
966
968
972
973
978
981
982
983
984
988
989
997
1001
1004
1007
1009
1011
1020
1021
103
256
1
257
259
4
7
8
9
266
16
273
19
276
21
23
27
283
288
36
292
38
39
40
296
297
42
300
47
49
305
308
53
309
310
311
317
62
63
321
67
70
71
327
73
77
334
79
80
337
338
341
342
343
95
351
98
354
99
356
102
358
103
364
110
118
375
376
378
379
125
132
138
144
146
147
148
153
164
167
168
169
174
176
182
184
187
190
192
193
199
206
210
211
217
219
228
231
239
240
241
244
247
248
