1802
8192
8193
8197
6
10
11
8203
8205
8206
12302
12304
18
4115
4117
8215
8216
28
29
30
4128
8224
12320
12322
35
4135
43
12331
8237
8241
12339
52
12340
4151
12344
8251
8252
4158
8254
4159
66
4162
68
4164
69
70
77
4173
79
82
4178
8277
12374
8279
12375
89
8281
12377
12378
8283
12380
12381
94
12382
95
8289
99
101
4197
8294
12390
8295
12393
108
8300
8301
12398
8304
4209
114
8311
4216
8312
4218
4222
8318
127
132
4231
8328
140
4238
8335
4242
149
8346
4251
4253
4254
8350
4255
8352
167
171
173
4274
179
4280
4283
188
4284
8382
191
4287
8388
8394
4303
209
4306
8402
8404
4309
4313
4317
8413
223
4320
226
8422
4328
4329
8428
4334
241
4337
8436
8440
250
251
8445
260
4357
266
4366
274
8471
8475
284
288
4386
4392
302
4401
306
4404
8501
4406
312
4408
4412
320
8513
323
4419
329
4425
4428
4429
8525
8526
4431
4432
4433
341
4444
8541
350
355
357
362
8558
4463
8567
8569
378
379
8572
4479
385
8585
394
4490
8586
4492
8588
398
399
8596
4507
415
8607
418
4515
8611
4517
4522
8618
4527
8623
4528
8624
434
4534
8630
439
440
441
8636
8638
8642
452
8646
4554
463
8655
464
8659
469
470
8664
474
4570
8669
481
483
488
489
4590
8692
8695
504
4601
4605
8709
4614
4615
8712
4618
4630
537
4633
4638
4639
8739
8740
4645
4652
4653
8749
561
565
568
569
4668
573
4669
574
579
8771
8779
4684
8781
4688
4690
598
600
8792
4699
607
610
620
8814
4725
4731
4733
638
8830
639
8831
8835
649
650
8843
4751
4752
4755
4762
671
4767
672
8865
4771
679
8873
4778
8876
8877
4784
8881
8882
692
4788
4792
698
4794
4795
8892
701
4797
4799
707
8899
8905
4821
8919
8920
8923
734
4832
738
4835
8935
750
8942
8946
755
8947
4854
762
766
767
4864
8960
4869
774
776
777
4873
8971
4876
8977
786
4886
8982
4888
794
4890
800
8992
806
811
9003
812
815
4912
817
818
819
4916
4917
4924
9024
833
4930
835
9029
4937
4939
849
850
4949
9045
9046
9050
9054
4960
9057
4962
4963
9061
870
875
9067
876
4973
9072
883
884
886
9081
890
4986
9082
9085
897
900
902
905
9097
9098
5005
912
913
5014
929
5026
931
5030
9126
939
9139
949
952
9145
954
5051
5052
957
9150
9151
5057
962
9155
5060
967
968
969
971
5068
974
9168
5075
9177
986
9178
987
9182
5089
9185
994
997
9193
9195
1007
9200
1010
1011
5108
9209
1018
1020
5118
1032
5129
1035
9228
9230
1039
9232
1044
5140
1047
9242
1052
5148
9247
9255
1065
9257
5168
1074
9268
5173
1082
9275
1084
5180
9278
9280
5185
9282
1091
5187
9290
9296
9297
5202
1108
5205
1110
5207
5208
9304
1118
1120
5218
9314
9320
9323
1133
1135
9327
9329
9330
1142
5239
1146
9342
9345
9346
1158
1160
5258
1163
1164
9356
1165
5261
1169
9361
5270
1178
5274
5280
1186
5282
9378
5284
9381
1192
1193
1197
5293
1198
9394
1205
5301
5302
5304
9401
1211
5308
9404
1214
9410
5316
9412
9415
1224
5321
9417
9419
5324
1229
5327
5330
1236
1244
5340
9444
5351
1258
9451
9452
9454
1264
5363
5368
5369
9466
5377
9476
1292
5388
5390
9486
9489
9490
9491
9493
1302
5399
1306
9505
1315
5411
9507
1324
9516
5423
9519
9521
1331
9523
5429
1334
5430
9529
1338
5435
5437
9533
9539
9543
5448
5451
9549
9550
1359
9551
5458
5461
1369
1370
5466
1373
5469
5471
9573
1382
5480
5481
1386
9580
5485
1392
1394
9592
1403
9595
1409
9602
5509
1417
5513
5517
5519
5526
1432
5528
5529
1437
9630
1440
5539
5541
5544
9646
9652
9658
1468
9661
1470
9663
5569
1477
5576
9673
9675
5583
5584
1491
9686
1504
1508
1509
5607
1515
5611
1517
1520
9712
5618
1523
5620
9716
5624
9722
1534
1535
5632
9731
9734
5639
5640
9740
1550
9742
5648
1553
5656
5657
1564
9763
1572
1573
5670
5671
5680
9777
9780
1589
5686
1592
1593
5689
5691
9792
9793
1609
5707
1612
5708
9807
5713
1618
5716
9815
1624
5721
1626
1633
9825
9826
5732
5735
1641
1644
9836
5741
1646
9842
5749
9845
1654
5752
5754
1659
9852
1662
5758
5759
1665
9859
5764
1670
5767
5771
9869
9872
1681
9873
9874
5780
9879
5784
1692
9884
9887
1697
1698
1701
5798
1703
1704
1707
1708
5807
5808
1716
5812
5815
9913
5821
5825
9921
1730
5829
9927
9931
1743
5845
5847
1753
5852
9950
9951
5862
9962
9963
1772
1774
5872
9968
5875
9974
1785
1787
1789
5887
9983
1792
1793
5889
1796
5897
9993
1802
1804
5906
1811
10004
5909
1815
10008
1817
10009
1819
1823
5920
10020
1829
1832
1833
5935
1845
5945
5946
5947
10044
5953
5957
10053
5962
1867
5963
10061
10065
5973
5977
1883
1885
1886
1887
1888
10081
1893
1895
10091
1900
1901
10103
1913
1915
1916
6016
6020
10117
10119
6024
1940
6040
6041
1947
6043
10140
10142
6049
6051
10147
1957
10150
6057
6060
10159
10160
10162
10164
1974
10167
10168
1979
6075
10171
1982
10175
10185
10188
6107
10205
2016
10211
6119
10217
6124
2035
10228
6133
6140
6141
6142
2047
2048
2051
10245
2054
10246
10247
6152
10249
6154
10251
10255
10256
10258
6163
10260
6166
2073
10266
10274
10276
2085
2088
2093
2095
6192
2097
2101
2106
6204
6205
6208
6211
6212
2117
6220
10317
10318
10322
2131
6231
10328
2137
10332
2146
6245
6247
10344
2154
6252
6254
6256
6257
2166
10360
2170
2172
6270
2175
2183
10377
2187
10380
6285
6290
2196
10390
2199
6300
10396
6303
6304
10400
6305
2210
6311
6320
10420
2241
2242
10438
2252
6350
6353
2262
10458
6363
10459
2269
10462
10463
10468
6373
2282
6379
10475
2288
2295
10488
6393
6395
2301
6397
2303
2307
10500
6405
2310
10502
10507
6414
2321
6417
6420
10517
6423
2328
2330
2332
10524
6430
10528
10538
6443
10546
10549
2359
10552
6457
10553
10555
6462
10561
6468
2376
6472
6476
2381
2385
6483
10580
2390
6488
6491
10590
6495
6496
10594
2408
10601
2413
2415
6512
10610
6518
2423
2426
10620
10621
2430
10624
10626
2436
6534
10630
2443
2444
10638
10639
6546
10643
2453
10646
2456
10651
6561
6564
10661
6569
2481
2482
6578
6581
10677
6585
10685
2495
6591
2499
10692
10693
2507
6606
6607
2513
2517
6613
10709
2524
6620
10716
2526
6622
2527
10719
2530
10729
2538
6634
10730
2539
2540
2541
2542
6638
10734
6639
2546
10740
2549
6645
10741
10742
2552
2555
6652
6653
10750
10752
6657
2562
6658
10755
2564
10756
2565
6667
10765
6672
2579
6680
6684
10780
10782
2592
6688
10784
2595
10787
6692
6694
10802
10805
10808
2619
10815
6721
6723
10819
6724
10821
2631
10823
10825
6730
2635
2637
10829
10836
6741
6742
2649
2650
10845
6753
6757
10853
2663
2664
2665
2667
2671
10868
2677
2678
10871
6778
10876
6781
6784
2691
10884
6799
10896
10898
2707
10901
10902
2712
6809
10906
6811
6816
6817
2722
10914
6820
10923
2738
6834
2740
10945
10948
10950
2759
10957
6863
2768
6867
10965
10971
10972
10978
6884
6886
10987
6894
10991
6898
2803
6899
10995
6902
6903
2808
2810
2812
11005
2814
6915
11011
11013
6922
2827
6929
11025
6932
2837
2840
6938
2850
2851
2853
11045
2854
11047
11049
2858
2866
2867
2869
11062
6968
2874
2875
2878
2882
11076
2888
6984
2889
11082
2891
11083
2892
6989
6991
2902
7002
11098
11099
7005
2913
11109
2921
2925
2926
11122
2936
7035
11132
7038
11135
7041
11138
11139
7044
7045
2952
7049
7050
11146
11151
11154
7060
7061
7062
7063
11163
11168
7073
11169
2981
2983
2984
7080
2985
2986
11179
2988
7087
2993
11188
11190
7096
3002
7100
3006
11204
3013
11205
3020
7116
11212
11215
7120
11218
7126
11223
7128
11225
3036
7132
11228
3040
7138
11236
3045
11237
7142
3048
7144
7146
3053
11252
3063
11258
11260
3069
11262
7168
11265
11266
7171
7172
3077
11270
3079
3080
3081
7178
11277
3087
7184
7188
11284
3097
7195
11291
11294
3104
7201
11298
3111
7210
7211
11309
3119
3120
11317
3135
11327
3136
11330
3139
7239
3146
7243
7246
11344
7250
3155
7258
7260
7265
3171
3172
7268
11365
7270
11369
3186
7287
7290
7291
3197
11389
7296
11395
3204
11402
3212
3216
11408
11410
3220
3221
11413
11414
3225
3227
3231
7330
11432
7337
11435
7340
11437
7342
11438
7350
7352
3257
11449
11451
7356
7359
7360
3266
7364
7366
3274
7370
11466
7371
11468
3278
11478
3290
7389
7391
7392
3298
3299
3300
3301
7398
7402
3308
11501
7406
3313
7411
3321
7417
11516
11520
3329
11521
7427
3333
3335
11527
7432
7435
7438
7447
3358
7454
3360
11552
11554
3363
7460
7465
11566
11567
11569
3379
11572
7477
7480
11576
7481
3387
3389
7487
3392
7488
3400
7497
7498
11597
11603
7508
3413
7509
7512
11608
7517
7520
3430
3433
3435
11627
3439
7536
7542
11639
3448
7546
3451
3453
11647
7558
7559
3464
3468
3473
11668
7578
3485
3486
7582
3488
11680
7587
7591
7598
11694
3504
3510
11703
7610
11707
3518
3519
7619
3526
11720
7625
3537
3539
11732
11734
7639
11740
3550
11743
7648
3555
7652
11748
7653
7654
7655
7658
11756
7661
11759
7664
7665
3586
11782
7689
11785
7690
3598
7694
11791
7697
3602
11798
11802
3616
11808
7715
11811
3621
7717
7719
3626
11822
7727
3635
3637
7734
7738
11834
7740
11837
3648
3649
11841
11848
3661
7762
11859
3668
3669
3676
7773
11871
3691
3702
3705
11897
11900
11901
11905
7811
11907
7815
3730
3733
7830
7832
7833
3739
3750
3751
7847
11945
3755
3759
7858
3766
7868
7874
3781
11973
7885
7887
3792
7888
3793
11986
7896
11992
3810
12002
3813
7912
3817
12010
12013
3823
7919
12016
7924
7925
3830
7926
12022
12024
3836
7932
12028
3838
12030
3843
7939
7943
12039
7945
12041
3850
7948
12044
12046
12047
3856
12050
12055
7960
7963
3869
7970
12069
3879
12072
3881
3882
3883
3884
12076
7982
7984
7990
3895
12088
8000
8001
8002
12104
12109
8020
12116
3926
3931
3933
12126
8035
12133
8038
12134
12135
3945
3947
3949
3951
8047
3952
12147
12148
8055
12151
3960
3966
3969
8068
8069
3974
8071
3978
3979
8078
3986
8082
8084
3991
12186
8095
4002
8098
8104
4010
12206
4016
12208
8116
12213
12221
4031
4033
4034
12226
4036
8132
8135
4048
8147
12244
8149
12245
8150
12249
12251
4068
12260
4073
4076
4077
12269
4078
12271
12273
8178
8182
8183
12281
12282
26
1
385
130
262
203
14
207
144
272
211
404
23
87
90
348
224
353
358
232
303
305
118
310
374
185
249
