869
0
2051
2052
5
6
2054
8
2056
2057
10
12
2060
2061
14
2062
16
17
21
22
2070
23
2071
26
29
2080
34
2084
38
2087
40
2088
41
42
2090
43
2093
46
48
2096
50
2098
52
53
2105
2106
59
61
2111
67
2116
69
70
2119
73
74
2122
2124
2125
79
2127
2129
2130
84
88
2139
2144
97
2145
99
2147
2148
2151
2155
111
2159
116
2164
118
2167
120
2168
121
124
2173
2174
128
132
2181
2183
136
2184
138
2187
141
144
145
2193
2195
2198
2199
2200
2201
157
159
2212
165
166
167
2215
169
2217
170
174
2222
175
176
2226
179
182
2232
186
191
193
2241
195
2245
2247
2249
2250
2252
205
2253
206
2255
208
209
2257
210
212
218
2266
219
2267
220
2269
223
228
229
232
236
2286
240
2288
242
243
244
2292
2295
249
251
2299
2303
261
2310
264
265
2316
273
2321
2323
2326
279
280
2331
2333
286
287
2336
292
293
2341
295
296
2345
299
302
2350
2351
304
309
2357
311
315
2363
320
323
2371
2373
326
2378
2379
332
2382
335
2383
337
338
2389
2392
2393
346
2394
347
2395
349
350
2398
2399
355
2406
360
2409
2410
363
2411
364
365
2413
2415
2416
370
2418
372
373
375
2424
2425
379
380
382
2430
2432
2435
2436
389
2439
392
2444
400
2448
403
406
2455
411
413
2462
415
418
2466
2467
2468
421
422
2471
2474
2475
428
2476
430
2478
431
2480
2482
2483
437
439
440
442
2492
2494
447
451
2502
2503
2504
2505
2506
461
462
2512
2513
466
2514
2515
468
2516
2518
471
2520
2524
2525
478
2526
479
480
2528
2531
2533
486
2535
489
2537
490
2538
2539
2541
494
2542
495
496
2544
497
2549
502
505
2553
506
508
509
2558
2559
512
2560
2561
2563
516
2564
2565
519
522
524
2573
527
2575
530
2578
531
534
2583
536
538
541
545
546
2598
552
2601
554
556
2604
2605
2606
563
2613
2614
2615
568
2619
2622
575
2623
577
579
580
581
586
587
590
602
606
607
610
611
612
617
619
623
624
629
631
632
633
634
636
641
644
649
650
651
652
656
659
660
663
664
666
668
669
670
671
682
694
695
696
698
700
704
707
708
712
720
722
730
737
739
741
743
745
752
754
755
756
760
761
765
766
767
768
771
772
774
775
776
777
778
782
783
787
788
789
790
796
799
800
802
803
807
808
812
814
815
817
820
822
825
826
830
840
842
846
852
854
856
857
858
860
864
867
870
871
872
873
877
878
890
894
895
905
906
907
908
909
919
921
922
923
925
932
933
935
936
937
938
939
943
946
948
953
954
955
956
960
963
965
968
969
971
974
979
980
981
987
993
995
997
999
1000
1004
1005
1013
1015
1017
1018
1019
1021
1023
1026
1032
1033
1035
1036
1037
1038
1039
1040
1047
1048
1053
1055
1061
1065
1068
1078
1087
1092
1093
1097
1098
1099
1110
1113
1114
1116
1120
1122
1124
1125
1130
1133
1138
1141
1142
1149
1154
1157
1159
1163
1172
1174
1175
1176
1177
1179
1181
1182
1186
1189
1192
1194
1195
1198
1203
1206
1209
1212
1213
1215
1218
1219
1221
1225
1228
1229
1230
1232
1233
1236
1239
1241
1244
1245
1246
1248
1263
1264
1266
1268
1272
1274
1275
1279
1285
1286
1288
1290
1302
1307
1314
1319
1323
1325
1326
1336
1339
1340
1341
1343
1344
1347
1353
1354
1357
1360
1361
1362
1364
1365
1366
1371
1374
1375
1379
1380
1383
1388
1392
1393
1394
1395
1397
1398
1400
1401
1402
1405
1406
1407
1408
1412
1414
1417
1422
1425
1426
1430
1431
1432
1433
1441
1442
1444
1446
1448
1449
1453
1458
1459
1463
1465
1470
1473
1476
1482
1484
1487
1488
1490
1491
1492
1495
1496
1497
1498
1503
1510
1511
1515
1517
1519
1520
1524
1525
1529
1530
1532
1533
1535
1542
1546
1547
1548
1550
1554
1555
1556
1560
1563
1568
1573
1574
1577
1578
1579
1582
1583
1585
1588
1592
1595
1596
1600
1601
1609
1618
1619
1621
1625
1626
1628
1629
1633
1635
1636
1643
1650
1656
1657
1659
1660
1666
1673
1674
1679
1682
1686
1688
1690
1696
1699
1700
1701
1702
1703
1704
1708
1709
1712
1713
1718
1722
1723
1729
1731
1733
1734
1740
1746
1750
1753
1754
1759
1764
1766
1769
1771
1773
1774
1775
1777
1779
1784
1790
1795
1796
1799
1810
1811
1814
1816
1821
1845
1850
1851
1854
1858
1863
1868
1869
1876
1878
1880
1882
1885
1894
1899
1906
1910
1911
1913
1916
1919
1921
1922
1923
1924
1925
1928
1931
1932
1933
1935
1937
1942
1943
1946
1951
1954
1958
1961
1972
1973
1974
1978
1979
1987
1996
1998
2006
2013
2015
2018
2019
2020
2023
2029
2034
2035
2041
2045
66
0
132
5
133
6
134
7
135
8
136
9
137
10
141
14
145
18
20
148
22
150
153
26
154
27
157
158
31
159
32
33
39
40
45
46
49
53
54
56
60
61
66
70
71
75
76
82
85
87
89
93
94
97
98
99
101
105
108
109
110
111
117
120
122
124
125
