1329
8192
6145
3
2052
4100
8197
4103
8199
8
6153
2058
4106
4109
8205
15
4111
2064
8208
2067
4115
8211
2068
6164
4117
6166
8214
4121
4122
2079
32
2080
8225
2082
4131
6181
8231
2088
2089
4137
2090
4138
8234
43
6187
2092
4142
8238
8240
52
53
2102
6198
2103
2106
4154
2107
2108
2109
63
66
8259
2118
72
73
2121
2122
2124
4173
6221
8269
78
6222
2128
4177
4178
6226
4179
6227
6231
88
6233
6237
2142
8286
2143
6239
8287
97
8289
98
2146
4194
8290
8292
4197
102
103
8298
4203
6251
4204
4205
2158
4206
113
6257
114
4210
115
2163
4211
8307
2165
118
2167
8311
2168
4218
6266
8315
6268
125
6269
126
4222
2175
6271
8319
6273
4226
2179
6276
4230
8327
6280
137
8329
138
4235
2190
6287
6291
8341
2200
8347
2204
8348
8350
159
160
6304
8353
4258
8354
4259
2213
166
4263
2216
6312
169
2218
8362
171
4267
8364
6319
2224
177
4273
6321
8369
6322
8370
4275
180
181
2231
2233
2235
6333
4286
194
6339
198
2246
4294
2248
6348
6351
6352
2257
4305
2260
2264
6360
6365
4321
226
2275
4326
6375
2280
6376
233
2281
6378
4331
236
237
238
6383
2291
4342
248
2298
6396
6399
4354
6402
4355
2308
2309
6410
267
2315
4363
6411
2319
2320
273
4371
276
280
281
2331
6430
6434
2339
4388
6437
2342
6441
298
2346
2353
2354
4403
2357
311
4407
314
6458
315
2363
6459
4413
318
322
323
2372
2374
6470
327
333
2381
4429
2382
6478
336
4435
2388
2395
349
2397
4445
2399
352
4450
6500
6501
6503
6507
4462
2415
2416
369
2417
2418
372
4468
6517
2422
6518
379
6524
4477
4478
4480
6529
388
2437
4489
6537
6541
399
2449
2451
404
2452
2453
407
2455
4504
410
4506
2461
4511
420
6565
422
6571
429
2477
4526
4528
6578
6581
6583
4536
441
4539
4540
2493
4541
6589
2494
4542
6591
4545
451
2499
2500
4548
6596
4550
6598
2503
2505
4555
6606
2513
4561
4563
4564
6612
469
471
6615
2520
476
2525
478
2526
6625
482
4579
4581
2535
490
6634
492
2541
4589
6638
6641
4596
501
2549
6645
6647
504
6648
6656
516
4612
517
2565
6662
519
2567
2569
2570
4618
524
6669
4623
6674
2580
537
538
6682
539
2587
4636
6684
541
544
2593
2595
4643
6691
2599
2602
2603
6703
6705
2610
4662
6710
6711
6713
4666
571
6716
4670
575
2623
4672
578
4675
584
6729
586
6733
6734
6736
6737
2645
4694
2649
4698
609
610
4708
4710
4712
6766
623
6771
4725
6773
2678
6775
635
636
2684
4736
4738
4740
6789
4742
4750
2709
4757
664
2712
665
672
4770
2723
676
4774
683
6827
688
693
4789
695
4791
6840
698
6843
4796
701
2749
4797
6846
4800
6849
2754
6850
2757
714
2763
4811
719
720
2768
2770
724
2772
2775
4823
730
732
6876
2782
4830
2783
740
4837
743
2791
4840
745
749
6893
2799
754
755
6899
2805
6904
4859
2816
2819
6915
2820
4868
2822
4870
777
2825
4873
6921
781
4879
784
2832
2833
786
2840
6941
4895
804
6954
811
4907
817
2865
818
2866
6962
6963
4917
2870
4920
6970
4923
2879
833
2883
6981
2888
4936
6987
4942
2895
4943
849
6995
6998
2905
4954
861
7005
4958
7006
2911
865
7010
2916
2920
2921
4971
876
878
2927
880
882
7030
889
891
2939
2943
7039
2944
7041
4995
900
4998
4999
904
7050
2956
5005
5006
7055
2960
916
7060
2965
918
2967
5018
2971
7067
2973
2979
2980
7076
5033
2986
943
945
5041
7089
7090
5043
950
2998
2999
955
3003
5051
7099
3005
5054
960
7104
3012
3013
5061
5062
970
5066
7114
5067
5075
5076
981
982
7128
5081
987
7131
988
7132
990
3038
7134
5089
996
5093
5094
3047
5095
3048
5098
1003
5099
5103
7151
1009
7157
1014
3063
1016
3065
7162
3067
1027
3077
5128
7177
5132
5135
3088
7184
1042
1043
7187
3094
1047
3095
5143
5144
5146
3099
3106
5157
7205
7206
5160
1067
5168
1073
5174
7223
5177
7225
7226
5179
7227
1084
1086
7230
3136
1090
5187
1092
3140
3142
5191
7239
5193
7241
1098
5194
1101
3151
3153
5202
7252
5205
7253
7255
1114
5210
3167
1120
3168
1122
5218
5219
7267
1124
5221
7269
3174
1130
5227
7277
1136
3184
1137
3185
1138
7282
7283
5239
5240
3193
5241
3195
1148
1149
5246
3199
1155
5252
5253
1159
7308
3213
3214
1167
5264
7313
3221
5270
7319
3224
3225
7323
3228
5276
7325
1182
5280
7328
1186
3235
5284
3238
5286
7335
1194
5290
7338
3243
3244
5292
3245
5293
3252
1205
7350
3257
7355
1213
7357
1214
5313
7361
5315
1221
7365
3270
5320
3273
5321
1227
3275
3276
1229
5327
3281
5330
1235
7379
7381
5337
3291
5339
7392
1249
3299
1252
5348
3302
5350
3303
5351
5352
1259
3307
7405
7406
5360
7409
7410
1267
1268
5364
7413
3318
5366
1273
3321
5371
5372
1279
5376
3329
1285
3333
1286
5382
3335
7433
1291
5388
1297
7441
7445
1302
7452
3361
1314
7460
1317
7462
5418
1323
3371
1325
5421
3375
1334
3382
1335
3383
5431
7481
7482
1339
1340
1341
3389
1342
5438
3391
1344
1347
3397
7493
5446
7498
3403
7502
7503
1360
7506
1366
3414
1367
5464
5467
1373
1374
5470
1377
5473
1378
5478
5482
3435
7532
5485
5488
7541
1399
3447
3448
7547
1404
3453
3454
1407
7552
3458
7554
3459
5510
1415
7559
3464
1417
5514
7562
3470
3471
1428
5524
1431
5528
1433
5529
7577
5531
1436
1437
7581
1438
3488
1444
3495
1448
7592
3504
7606
1463
3511
1465
1466
7610
1467
1468
5565
1473
7617
5570
1476
1478
1479
5576
7624
3529
7626
3532
7629
5584
3539
7635
1495
1496
7640
1500
3550
3551
7647
1504
1505
3553
5601
5602
1509
1510
3559
3560
5608
5612
7664
7665
5618
7666
3572
5620
1525
7669
3577
3582
5630
5632
7682
1539
1542
5638
3591
7687
5640
5641
5642
3595
7691
7692
1551
3600
1553
1556
7701
3606
3607
3609
7706
1564
3612
3615
7712
3618
3620
3622
7719
1580
3631
7727
1586
5683
7734
3639
5687
1594
5690
5693
1598
3646
3647
1600
1602
3651
5700
7749
1607
3658
5708
3663
7759
5715
7764
3669
5720
1625
3680
7777
3682
1635
1636
5732
3685
1638
5735
7783
5736
5738
5739
7787
3692
5741
7789
5744
7792
3697
7793
1653
5751
1656
7802
7803
7804
1661
5759
7808
1665
3719
5767
7818
7822
5778
7834
3739
1693
7838
3744
5795
5798
5800
1705
3753
3754
5807
1712
3761
1714
3762
5810
1715
3764
5812
3765
5813
1718
1719
1722
7866
1723
7867
7869
5822
5823
1729
7873
1731
5829
5831
5832
5834
5835
1742
7886
3791
7888
1745
5841
3796
1752
1755
5851
1763
3812
5860
3813
5861
1768
1774
5871
7921
5876
7925
5879
3832
7929
5882
1788
3838
7935
7936
7937
5893
3846
7944
7949
7952
7953
5907
5908
3864
1817
3867
5915
3868
1824
5921
1827
3875
1828
3876
3877
3880
1833
5930
1835
7979
5932
7981
3886
7982
1842
3891
3892
7992
3898
1851
3900
5948
3901
5951
5953
8004
3915
3916
8014
3920
1877
5973
1879
8027
3933
5982
1890
3939
3941
5990
8040
5994
3947
5995
8044
5997
3950
5998
8046
1907
6003
3959
3960
6008
8056
6009
8059
8064
1926
3975
1930
3980
6028
8076
1933
6031
6032
8081
1938
3990
8086
8088
1947
1951
6047
1955
4007
8105
1962
4010
6059
4013
6063
8112
4017
6065
4018
4021
1975
1978
4026
6074
4028
8124
6078
4031
6088
8137
8140
4045
1999
8144
6098
4051
2004
4052
8149
2006
6103
2008
4056
6105
4060
2014
4062
2022
4072
4074
8171
8172
4078
6129
8178
8180
2047
38
193
385
2
130
258
132
388
261
327
73
329
75
267
395
14
398
207
400
277
23
407
346
410
161
35
38
41
235
46
117
54
183
185
251
379
188
191
255
