127
512
1025
259
1027
261
774
776
9
265
267
528
788
790
279
281
282
283
539
289
34
550
41
297
553
299
555
814
48
818
312
569
572
828
830
576
69
326
582
583
585
842
332
335
80
594
343
348
860
861
606
607
96
99
867
356
869
614
104
877
112
628
629
885
118
375
378
890
123
124
126
386
642
392
393
907
652
398
143
655
147
148
918
156
925
163
165
166
678
941
431
687
434
946
435
948
182
954
443
702
708
711
970
204
720
721
723
726
215
216
985
987
223
992
737
743
236
237
749
750
755
756
501
1013
761
1017
250
764
49
1
129
257
258
131
5
6
262
264
265
11
13
147
279
284
29
33
38
39
298
299
45
301
174
302
177
51
185
58
186
321
194
72
328
76
87
91
93
350
95
354
228
361
240
242
371
245
248
122
