360
2052
3588
7174
2055
1544
7179
2063
3087
3088
4113
2066
3602
21
4629
5655
1560
2585
1562
539
2587
6171
7195
6685
1566
543
3615
3105
548
3108
6692
549
3621
4648
6696
43
6188
2607
4657
5170
1076
565
3637
7221
6710
7222
567
6717
4671
64
5700
72
73
4169
7241
2634
4682
1612
7244
589
1105
3153
4177
3668
4692
5716
2135
7256
3673
6745
1628
3164
3676
3166
6239
6240
97
2658
4195
7267
100
2149
5224
2154
2160
5233
2162
3189
5237
6261
631
6776
1657
122
5243
636
3709
1150
2174
2175
5761
6785
1666
5250
643
3717
4231
3209
4746
6795
7308
653
1166
6798
3729
5781
1686
2714
2203
4251
4763
1692
2204
2716
157
3229
2206
7327
2208
3234
4258
4263
5799
4264
5289
2218
684
6829
2222
175
1199
1712
2736
3250
7346
2740
7353
3771
3772
6335
5826
708
4293
4297
202
6346
1739
718
6354
3283
6868
4826
733
222
3806
5345
1250
3299
2276
5860
1765
5349
5862
6375
1769
5866
1260
6893
5360
5872
6384
1777
4849
246
4854
5366
1785
251
5376
1281
2305
2820
4868
6409
6922
1803
6412
1293
3854
3343
4368
5393
3861
2327
1305
1820
5917
3871
1826
4386
1316
805
4904
2346
4397
1327
6967
312
824
2872
313
5946
2877
3903
5440
1857
1346
2371
6981
6470
4423
1352
2889
1866
1868
2380
6988
3406
6480
5458
5973
1367
6493
2400
868
3940
3942
4456
5480
5481
876
1388
2925
3437
4461
878
5486
4463
6003
887
4984
6009
1403
381
1405
2429
895
2431
384
5504
4995
900
1412
393
5001
5002
907
5005
1422
399
4495
403
915
5011
5523
7060
2965
5525
6037
7062
5527
5017
411
1435
4507
1436
418
7074
6567
5032
1452
4524
3502
7087
945
3505
6066
2483
6069
2487
1976
4024
443
5051
4540
2493
6079
6080
449
1986
963
964
7116
5071
2515
3027
4051
1494
2008
2520
473
3035
4571
6619
4060
2013
3037
4574
991
5603
484
996
2532
3556
5604
6630
1511
488
2536
4584
6120
2026
2541
5104
6132
5621
2040
505
5113
6650
1021
10
144
65
277
296
41
297
155
300
237
398
