127
771
1539
775
1287
1298
789
1304
281
1824
33
802
1315
1829
1062
1318
1830
1575
809
299
1323
300
301
559
1076
1848
571
827
1339
828
1085
1341
318
1854
1860
583
329
1610
1358
79
848
1876
342
1626
1374
355
612
1124
1381
1639
1643
621
1649
2169
378
634
638
642
1154
1923
1412
2181
390
1670
903
392
2185
138
1930
1170
404
149
1685
1941
1177
1947
925
1181
1951
1442
1445
1703
1962
939
1963
2219
1454
1199
1711
691
1459
438
952
1984
449
1474
707
1219
708
2246
1223
1736
204
205
1229
207
723
2004
726
729
1497
1754
1757
1502
1759
1507
231
999
1767
2028
1777
1778
245
757
508
1020
1790
2046
9
32
112
1
116
85
117
22
41
59
