402
2051
4099
1028
5128
2057
4105
10250
1036
1037
9232
2066
8212
3095
1049
1050
4124
5150
1056
8226
2084
2088
3115
8238
7215
3121
7218
8243
10295
6201
59
5179
10303
10306
1092
3140
71
6215
4172
10317
5199
81
5202
4183
7255
1112
7256
2138
6236
1117
4190
4197
8294
2151
105
4202
109
9326
7280
2162
7283
7287
4217
4224
129
6273
8323
5255
136
8330
8334
4240
6290
8338
5271
7321
3226
155
9371
6301
5281
7330
5283
6307
8355
2213
8358
3246
1201
2227
6323
185
4281
2234
6331
4284
8387
198
4294
6347
9419
5327
208
7380
2263
2266
4315
4321
6373
4326
4329
2288
1265
4344
4345
3323
8450
2307
2309
2310
7437
5397
8470
1305
8475
7452
285
4388
3365
7463
6440
297
4394
3371
3372
303
306
4403
2367
5443
6469
6475
1356
5453
1362
8536
5471
1376
7523
6500
9572
358
359
5482
5492
6516
3445
1405
2430
4478
8576
3461
2443
8587
396
4494
7566
5524
2454
6554
1435
2464
9632
5537
2466
5538
2467
6565
442
449
4545
5569
5572
5577
5581
8653
3535
7631
1492
8660
4566
6619
1500
5597
8670
5600
2535
6631
490
9708
5615
9713
9717
5622
3577
5626
3579
6651
9726
9729
2563
8711
3592
4619
8718
6674
7698
532
4639
5664
5666
3619
8744
4649
4658
9790
2627
2628
5700
8772
5702
5706
8778
588
4686
592
2647
4695
4696
602
6746
7773
5727
2658
1635
1636
2665
9834
8811
6764
9836
5742
2675
7796
9848
4729
2682
635
2689
3714
2691
644
1674
9867
8847
4756
9878
666
4768
1697
2726
1706
3754
8875
7853
8882
692
6836
8885
4792
698
5818
9914
4796
2749
702
4798
2755
7875
1733
1734
3782
8906
3788
5841
5849
9947
9951
7904
738
6886
5864
6893
6895
2801
2806
5880
4858
5882
8954
764
8958
7937
1794
772
4868
3846
7942
9996
5905
8977
1810
10002
3860
6932
4886
8985
6942
8992
806
7981
2866
5944
10044
9021
2881
8005
841
10059
5975
9048
3929
10078
9057
7010
10082
2919
8042
10091
876
4973
1902
9071
2928
10099
7029
8053
2936
8056
9084
4990
2944
7040
8068
6024
1930
1934
7056
1939
2969
10138
5021
2979
4003
9123
7078
936
8107
940
943
2991
7098
8126
6079
6080
10185
3020
9176
991
4063
10210
5093
998
3047
8168
1008
5105
10225
7154
3059
4086
5115
7166
16
96
128
97
98
68
71
40
168
9
170
13
109
143
114
84
159
