489
2050
2052
1033
1034
14
17
2068
1045
1046
1052
35
2083
2086
1063
2091
44
2092
45
2093
1071
50
1076
55
1079
58
60
63
1088
65
2113
2114
2116
69
71
1097
75
1099
2126
2129
2133
88
1115
1118
2142
95
2143
96
2144
99
103
1127
2151
1128
2152
2153
107
111
1135
2165
2167
2168
2169
1147
124
2172
2178
1155
2190
143
1171
2197
1174
2198
1179
1182
159
2207
1184
2208
1188
1189
2213
1192
2217
170
1194
171
172
2222
175
2223
2227
180
1204
2233
187
2237
191
2243
1220
2246
2248
1231
1235
2259
1237
2262
2265
218
220
1248
1250
1251
2278
237
1265
1266
243
2292
1273
1276
253
2302
265
2316
1293
2319
274
275
2323
2325
2328
281
1306
1307
2331
1311
1314
1319
1322
2349
2350
1328
1329
2354
307
310
311
313
1337
2361
1340
318
1342
321
1346
2370
326
1354
1355
1357
334
2382
335
341
342
344
2392
1371
352
353
2401
356
359
1385
2411
364
2413
368
2416
2418
374
2422
1399
2423
376
2425
2426
2428
1407
2431
1409
2434
1411
2436
389
2437
2439
1416
1418
396
1420
2444
397
1422
2446
400
405
2453
409
2457
1434
2458
412
1436
2460
1439
421
1447
424
2472
2474
2479
433
435
2486
2489
445
1469
1472
1473
2497
1475
454
1478
455
456
1480
457
461
1486
465
2515
2517
474
1499
1501
2527
1506
484
487
1515
2541
1521
2549
2550
503
1528
1529
510
2558
1535
2559
1537
2563
516
519
1543
2569
2570
2571
1549
2574
2577
2578
2580
533
535
2583
1561
1562
1563
2593
549
1573
550
1574
2598
552
2602
2603
1581
2605
558
1582
2611
567
1592
1593
1595
2621
1599
576
2626
2629
2630
2632
1612
589
590
2639
2642
1619
1620
600
2648
604
606
609
2658
612
1636
1641
618
2669
624
2677
630
1660
637
1661
640
1667
1668
646
1670
1673
653
654
656
1687
664
1688
666
1699
1700
677
1701
1702
1706
1708
685
686
1710
1712
689
1714
1718
697
700
703
1727
705
708
1733
1735
1736
1738
1741
722
726
1751
1752
732
733
738
739
740
743
1767
748
1778
760
1784
1788
1790
768
778
1803
782
1808
1814
791
1823
800
1824
804
1828
805
808
809
811
812
1838
1843
1845
823
1849
1850
1855
1857
1859
836
1863
841
1865
843
1874
1875
859
861
862
1889
866
1891
868
1892
870
871
1895
875
1902
879
880
1906
884
1910
1912
894
895
896
897
1925
903
1928
1929
1933
1934
1935
912
1939
1941
1942
920
921
1950
1952
930
932
933
934
944
945
1971
949
952
963
1990
1993
1996
975
2008
988
992
2018
996
999
2023
1002
2026
1006
2031
1009
2033
1011
2038
2040
1021
2045
11
81
35
67
21
85
40
10
27
75
60
78
