2837
1
11
13
18
25
26
28
33
36
40
45
47
51
56
57
59
60
62
65
70
77
79
83
84
86
91
95
97
104
105
107
112
115
116
117
120
121
123
131
132
141
151
153
155
161
163
164
166
171
173
176
182
183
184
194
197
202
206
214
215
227
229
236
237
238
240
242
245
249
251
255
259
261
263
267
268
269
270
272
273
276
277
278
282
284
290
291
298
299
304
308
311
314
319
323
325
331
341
346
363
368
373
380
382
389
395
398
399
401
402
410
411
418
420
424
427
433
438
440
442
443
446
452
458
461
462
467
476
477
485
488
489
491
492
500
504
506
507
511
512
515
518
523
529
536
539
544
546
548
553
556
557
558
559
561
577
578
588
590
591
594
602
604
605
609
617
624
625
628
630
631
632
638
643
648
650
655
657
658
661
663
666
670
676
677
680
691
694
705
710
711
713
715
721
724
727
731
732
734
736
737
739
742
745
746
748
750
757
759
764
769
770
771
772
774
775
776
778
781
783
802
806
811
814
820
829
830
832
836
837
838
839
843
845
848
849
850
859
866
869
873
879
892
904
906
907
909
911
915
922
923
931
939
942
944
945
949
953
955
961
971
976
991
992
994
998
1000
1011
1013
1014
1023
1027
1029
1033
1037
1043
1044
1047
1050
1051
1054
1055
1059
1063
1075
1078
1083
1093
1096
1097
1098
1100
1103
1108
1115
1119
1120
1126
1132
1133
1134
1138
1141
1143
1148
1149
1152
1168
1177
1180
1182
1188
1192
1194
1197
1205
1206
1209
1211
1216
1217
1218
1219
1222
1226
1230
1231
1232
1240
1245
1249
1256
1257
1262
1264
1267
1269
1270
1271
1276
1286
1289
1296
1300
1302
1306
1313
1314
1320
1327
1331
1338
1340
1343
1347
1350
1352
1353
1354
1356
1361
1363
1364
1366
1367
1382
1383
1384
1386
1389
1394
1396
1406
1413
1414
1419
1423
1425
1427
1428
1429
1431
1438
1440
1442
1443
1445
1447
1452
1456
1462
1463
1464
1465
1466
1468
1469
1476
1477
1482
1488
1496
1500
1502
1503
1509
1512
1513
1517
1531
1538
1539
1541
1547
1551
1555
1557
1558
1562
1563
1565
1576
1577
1581
1582
1583
1584
1586
1598
1599
1601
1602
1607
1613
1615
1624
1636
1641
1642
1645
1648
1655
1656
1662
1666
1668
1673
1676
1680
1686
1693
1698
1699
1701
1702
1705
1711
1712
1714
1715
1718
1719
1720
1724
1729
1736
1743
1748
1753
1757
1769
1774
1784
1802
1807
1812
1820
1822
1824
1826
1829
1830
1832
1834
1839
1840
1841
1844
1854
1857
1858
1861
1866
1868
1872
1881
1882
1888
1894
1895
1898
1899
1901
1905
1909
1912
1918
1926
1927
1929
1933
1934
1935
1936
1947
1950
1961
1966
1973
1974
1975
1979
1982
1986
1988
1989
1990
1991
1996
1997
1999
2001
2011
2014
2015
2025
2027
2029
2032
2034
2035
2036
2053
2060
2061
2070
2079
2081
2085
2086
2087
2088
2089
2091
2095
2105
2117
2119
2122
2127
2129
2132
2135
2144
2145
2157
2161
2163
2165
2167
2172
2173
2174
2177
2181
2183
2185
2187
2191
2193
2198
2203
2206
2209
2215
2216
2219
2220
2224
2228
2233
2236
2237
2240
2244
2250
2263
2266
2269
2272
2273
2279
2282
2286
2287
2289
2294
2300
2301
2309
2312
2315
2317
2326
2327
2330
2333
2334
2344
2346
2353
2360
2366
2367
2368
2372
2376
2379
2382
2386
2388
2389
2394
2395
2398
2399
2405
2406
2409
2414
2417
2419
2420
2421
2434
2440
2441
2444
2449
2450
2451
2459
2468
2472
2474
2479
2480
2481
2482
2488
2491
2500
2501
2505
2512
2516
2517
2521
2522
2526
2527
2528
2534
2535
2536
2541
2542
2546
2547
2549
2551
2556
2561
2565
2568
2569
2576
2578
2579
2586
2589
2590
2593
2595
2596
2602
2606
2612
2614
2626
2627
2630
2631
2635
2637
2638
2642
2644
2650
2651
2654
2656
2659
2666
2672
2676
2682
2686
2695
2701
2705
2707
2710
2715
2717
2718
2720
2721
2727
2728
2735
2736
2739
2741
2744
2748
2752
2755
2760
2761
2762
2763
2765
2767
2771
2778
2793
2794
2795
2796
2805
2810
2812
2815
2817
2821
2825
2827
2829
2839
2843
2846
2849
2852
2857
2858
2859
2865
2867
2868
2877
2879
2882
2883
2884
2888
2890
2891
2893
2895
2899
2902
2903
2904
2907
2914
2915
2917
2929
2932
2933
2938
2939
2941
2945
2947
2949
2951
2960
2966
2971
2973
2989
2993
2994
2996
3003
3007
3008
3011
3012
3023
3031
3034
3041
3043
3044
3049
3051
3052
3054
3065
3066
3067
3076
3081
3084
3085
3092
3094
3095
3099
3100
3101
3107
3112
3120
3123
3126
3128
3129
3134
3135
3138
3139
3142
3146
3150
3157
3159
3163
3175
3184
3190
3192
3195
3201
3204
3206
3207
3209
3213
3214
3215
3219
3220
3223
3227
3242
3246
3247
3252
3254
3256
3263
3266
3273
3279
3282
3289
3291
3304
3307
3316
3321
3323
3332
3333
3338
3340
3353
3363
3375
3378
3386
3390
3391
3396
3401
3409
3417
3418
3422
3425
3427
3428
3432
3444
3445
3448
3453
3455
3456
3457
3458
3467
3468
3469
3472
3476
3486
3490
3492
3493
3498
3500
3502
3503
3511
3516
3517
3522
3530
3532
3535
3537
3538
3545
3547
3550
3551
3552
3555
3557
3559
3566
3567
3568
3570
3573
3577
3582
3586
3587
3594
3595
3596
3598
3599
3601
3602
3604
3605
3609
3611
3613
3614
3616
3618
3619
3620
3628
3631
3637
3645
3646
3649
3653
3655
3661
3664
3668
3674
3677
3682
3687
3688
3693
3695
3696
3699
3704
3705
3707
3710
3712
3713
3714
3715
3716
3719
3723
3726
3736
3737
3738
3740
3750
3752
3754
3756
3759
3766
3769
3772
3774
3775
3776
3780
3782
3784
3785
3790
3792
3797
3799
3805
3806
3808
3809
3810
3811
3813
3815
3818
3824
3825
3827
3828
3831
3834
3836
3837
3844
3845
3847
3850
3854
3858
3859
3862
3863
3865
3873
3875
3876
3877
3880
3883
3884
3888
3890
3892
3896
3899
3904
3905
3906
3907
3908
3915
3919
3924
3925
3926
3937
3941
3946
3947
3948
3950
3951
3955
3962
3963
3965
3966
3969
3972
3976
3982
3984
3985
3995
3996
3999
4000
4001
4010
4011
4019
4020
4024
4025
4029
4032
4037
4038
4039
4042
4043
4045
4046
4047
4054
4057
4063
4065
4066
4068
4069
4073
4074
4076
4078
4081
4085
4087
4090
4091
4099
4101
4103
4107
4109
4110
4111
4116
4120
4124
4125
4126
4128
4133
4135
4136
4137
4140
4141
4149
4152
4154
4158
4162
4163
4175
4179
4185
4188
4195
4200
4201
4208
4210
4211
4219
4228
4235
4238
4244
4251
4252
4253
4257
4261
4263
4265
4277
4280
4283
4290
4296
4301
4306
4311
4314
4323
4325
4327
4329
4332
4335
4340
4347
4348
4353
4356
4357
4362
4365
4367
4369
4377
4385
4393
4396
4403
4408
4410
4415
4416
4420
4422
4424
4425
4426
4431
4436
4437
4447
4450
4451
4453
4458
4461
4468
4472
4474
4475
4477
4482
4489
4496
4498
4500
4507
4508
4511
4512
4519
4520
4523
4525
4526
4527
4533
4536
4542
4543
4545
4548
4549
4551
4554
4557
4560
4561
4566
4573
4576
4577
4583
4587
4591
4593
4598
4599
4610
4611
4612
4617
4619
4620
4626
4630
4634
4640
4642
4643
4648
4649
4659
4667
4674
4675
4678
4684
4693
4697
4700
4704
4710
4714
4718
4723
4726
4727
4729
4733
4735
4736
4741
4742
4743
4752
4753
4755
4762
4764
4772
4775
4777
4778
4780
4790
4791
4792
4793
4794
4799
4801
4808
4809
4810
4833
4840
4841
4845
4846
4847
4848
4852
4855
4856
4859
4867
4870
4875
4877
4879
4880
4888
4890
4898
4902
4905
4915
4916
4919
4920
4923
4928
4933
4941
4942
4954
4961
4962
4967
4969
4976
4981
4984
4990
4991
4992
4994
5001
5008
5017
5028
5031
5042
5044
5045
5053
5059
5063
5067
5068
5074
5076
5080
5082
5083
5088
5094
5101
5102
5104
5105
5106
5109
5112
5114
5123
5135
5136
5142
5145
5149
5150
5151
5154
5155
5159
5160
5165
5168
5171
5176
5178
5180
5206
5211
5212
5213
5216
5217
5218
5223
5227
5231
5234
5238
5242
5250
5252
5254
5255
5262
5263
5267
5269
5271
5278
5281
5283
5286
5291
5304
5318
5319
5322
5323
5324
5325
5327
5332
5336
5337
5342
5346
5360
5362
5364
5372
5376
5379
5381
5386
5387
5389
5390
5393
5399
5402
5404
5405
5411
5417
5427
5428
5430
5433
5434
5435
5446
5448
5449
5454
5456
5461
5463
5467
5468
5475
5486
5489
5495
5498
5500
5501
5505
5506
5510
5516
5519
5520
5525
5527
5532
5533
5541
5549
5550
5551
5558
5561
5566
5567
5569
5576
5579
5582
5587
5596
5599
5604
5606
5611
5629
5632
5635
5636
5641
5642
5647
5650
5653
5657
5658
5659
5661
5666
5671
5672
5674
5676
5679
5681
5691
5694
5695
5697
5698
5707
5712
5713
5714
5716
5718
5724
5730
5731
5733
5736
5737
5746
5747
5748
5749
5754
5756
5759
5760
5761
5762
5768
5770
5773
5779
5781
5783
5784
5785
5790
5791
5794
5796
5798
5802
5804
5809
5810
5812
5815
5816
5818
5819
5820
5823
5829
5832
5851
5852
5860
5867
5868
5874
5875
5876
5885
5886
5889
5892
5898
5903
5906
5913
5916
5918
5919
5920
5925
5927
5930
5933
5936
5940
5941
5945
5947
5949
5954
5955
5956
5959
5961
5968
5972
5974
5976
5984
5986
5987
5999
6004
6017
6024
6025
6027
6034
6036
6039
6046
6053
6059
6061
6062
6066
6067
6068
6069
6071
6075
6076
6081
6084
6087
6090
6093
6094
6101
6108
6114
6122
6131
6136
6137
6145
6147
6154
6165
6166
6173
6184
6186
6194
6196
6201
6203
6206
6207
6209
6212
6216
6218
6220
6227
6228
6232
6237
6247
6248
6249
6250
6251
6260
6271
6274
6284
6285
6291
6297
6299
6302
6303
6315
6317
6318
6319
6321
6322
6325
6326
6327
6332
6336
6338
6339
6342
6343
6344
6345
6355
6356
6357
6361
6370
6380
6385
6386
6387
6388
6391
6392
6394
6396
6397
6402
6403
6405
6407
6411
6417
6421
6431
6432
6433
6434
6439
6441
6443
6446
6447
6451
6454
6460
6465
6467
6470
6475
6478
6480
6481
6482
6496
6498
6500
6503
6504
6506
6514
6516
6524
6530
6531
6532
6533
6539
6544
6547
6550
6559
6560
6561
6566
6567
6569
6570
6571
6573
6578
6581
6584
6585
6591
6592
6595
6599
6602
6603
6608
6611
6616
6617
6618
6624
6626
6628
6635
6636
6648
6649
6662
6670
6671
6678
6679
6680
6681
6683
6684
6685
6686
6688
6689
6693
6697
6698
6720
6724
6725
6728
6733
6738
6739
6744
6750
6755
6765
6766
6771
6774
6776
6783
6786
6790
6791
6793
6795
6800
6809
6811
6822
6824
6826
6828
6832
6835
6840
6841
6845
6846
6848
6854
6859
6862
6864
6872
6873
6875
6879
6884
6885
6886
6888
6889
6890
6892
6894
6897
6898
6899
6902
6910
6919
6920
6923
6924
6925
6930
6933
6937
6939
6941
6948
6949
6951
6955
6960
6964
6967
6969
6978
6979
6980
6982
6987
6988
6992
6995
6999
7006
7009
7014
7018
7020
7021
7025
7026
7031
7032
7035
7046
7048
7051
7052
7053
7059
7063
7067
7079
7084
7091
7094
7097
7099
7100
7102
7103
7108
7109
7112
7119
7120
7121
7125
7132
7135
7142
7143
7144
7145
7147
7152
7159
7160
7162
7165
7167
7172
7173
7175
7176
7178
7180
7186
7189
7191
7196
7205
7209
7210
7211
7213
7215
7219
7227
7230
7232
7239
7240
7248
7249
7252
7253
7256
7258
7262
7263
7273
7275
7277
7278
7281
7283
7285
7288
7290
7293
7295
7303
7305
7308
7313
7314
7318
7320
7322
7323
7324
7325
7328
7329
7330
7342
7347
7348
7349
7350
7351
7354
7358
7360
7362
7366
7367
7371
7375
7377
7383
7387
7390
7396
7410
7411
7412
7414
7415
7420
7421
7426
7427
7435
7437
7440
7441
7442
7450
7453
7456
7460
7462
7464
7465
7472
7476
7485
7488
7491
7492
7505
7507
7510
7513
7518
7519
7525
7527
7541
7549
7551
7556
7557
7560
7562
7563
7568
7572
7576
7577
7580
7581
7589
7591
7593
7596
7599
7611
7613
7614
7616
7619
7622
7624
7627
7630
7633
7636
7645
7655
7660
7664
7669
7675
7678
7680
7683
7687
7688
7689
7692
7694
7695
7698
7703
7708
7709
7712
7721
7722
7731
7735
7743
7744
7745
7746
7752
7753
7758
7761
7769
7770
7771
7774
7775
7786
7790
7792
7794
7795
7801
7805
7812
7827
7830
7837
7838
7846
7850
7852
7857
7862
7868
7871
7875
7876
7880
7884
7893
7895
7898
7903
7909
7911
7914
7915
7917
7920
7922
7925
7930
7933
7939
7942
7947
7948
7949
7950
7954
7960
7969
7971
7973
7977
7980
7981
7982
7992
7997
8003
8005
8006
8010
8011
8013
8015
8016
8017
8022
8026
8030
8033
8040
8041
8048
8051
8056
8064
8067
8068
8075
8076
8077
8081
8086
8089
8093
8094
8097
8105
8109
8110
8114
8116
8118
8121
8123
8128
8129
8132
8136
8142
8143
8145
8146
8148
8149
8155
8162
8163
8166
8169
8172
8179
8185
8188
8196
8209
8210
8215
8216
8219
8225
8228
8231
8232
8234
8239
8240
8246
8247
8254
8255
8258
8266
8270
8273
8275
8280
8282
8289
8290
8291
8297
8309
8310
8314
8315
8320
8321
8322
8323
8325
8326
8327
8335
8337
8341
8342
8344
8345
8348
8350
8351
8352
8353
8355
8356
8360
8362
8364
8366
8370
8371
8375
8381
8386
8390
8394
8398
8404
8415
8422
8423
8425
8428
8430
8431
8432
8434
8435
8436
8438
8441
8448
8450
8452
8459
8461
8465
8472
8475
8483
8485
8486
8489
8493
8495
8500
8502
8503
8504
8507
8513
8514
8515
8518
8520
8522
8523
8529
8535
8538
8539
8541
8549
8551
8554
8555
8557
8560
8562
8564
8566
8569
8572
8573
8574
8575
8578
8580
8583
8595
8599
8601
8603
8605
8609
8622
8623
8628
8630
8633
8634
8637
8645
8647
8650
8651
8653
8656
8658
8659
8669
8674
8677
8681
8682
8684
8688
8689
8695
8698
8700
8703
8704
8705
8707
8717
8718
8721
8723
8724
8727
8731
8735
8739
8741
8753
8764
8772
8774
8775
8778
8780
8781
8784
8790
8793
8798
8799
8802
8805
8806
8812
8816
8819
8822
8824
8829
8838
8839
8841
8842
8843
8849
8855
8857
8859
8860
8863
8864
8879
8880
8882
8887
8891
8900
8904
8915
8917
8919
8922
8928
8930
8932
8937
8944
8949
8956
8957
8960
8964
8970
8972
8973
8976
8981
8985
8995
8996
9000
9002
9005
9015
9019
9020
9026
9028
9030
9031
9035
9037
9039
9041
9047
9050
9053
9057
9059
9062
9063
9073
9076
9077
9081
9087
9092
9098
9100
9107
9109
9119
9125
9128
9129
9132
9136
9141
9144
9145
9147
9149
9150
9151
9156
9162
9168
9172
9173
9178
9180
9181
9182
9183
9184
9187
9188
9192
9201
9203
9219
9227
9233
9234
9239
9246
9253
9254
9255
9258
9260
9266
9267
9271
9272
9273
9279
9281
9282
9284
9286
9289
9290
9295
9297
9299
9301
9303
9306
9309
9312
9319
9332
9334
9335
9344
9345
9346
9349
9351
9352
9353
9362
9367
9371
9372
9374
9375
9379
9383
9389
9392
9396
9408
9409
9414
9415
9418
9424
9429
9430
9432
9443
9444
9447
9453
9454
9456
9459
9474
9476
9477
9478
9482
9484
9491
9494
9497
9501
9507
9508
9509
9510
9513
9514
9516
9518
9520
9536
9537
9538
9543
9544
9549
9552
9558
9563
9569
9570
9575
9576
9579
9605
9625
9630
9633
9640
9644
9645
9652
9653
9656
9657
9661
9662
9667
9669
9677
9682
9683
9685
9691
9695
9700
9701
9703
9704
9705
9707
9711
9713
9714
9716
9723
9724
9727
9728
9730
9732
9735
9736
9737
9744
9745
9747
9749
9757
9759
9761
9771
9775
9777
9780
9787
9788
9792
9795
9803
9809
9810
9817
9818
9822
9824
9825
9827
9832
9839
9842
9844
9847
9849
9852
9861
9874
9882
9886
9889
9897
9906
9907
9913
9919
9928
9930
9935
9947
9953
9955
9957
9964
9966
9970
9979
9981
9982
9983
9984
9988
9989
9991
10000
10001
10002
10004
10008
10010
10012
10018
10019
10020
10023
10029
10034
10036
10039
10043
10044
10054
10061
10062
10066
10067
10069
10071
10078
10079
10083
10085
10086
10087
10091
10103
10105
10112
10125
10131
10132
10136
10141
10149
10151
10152
10156
10158
10162
10163
10174
10176
10178
10182
10184
10186
10189
10190
10191
10192
10194
10197
10202
10208
10210
10212
10216
10222
10224
10227
10232
10235
10238
10243
10248
10250
10254
10256
10258
10260
10261
10263
10267
10269
10273
10275
10283
10289
10299
10300
10307
10308
10321
10325
10330
10338
136
0
1
2
3
4
5
6
7
8
10
12
15
16
17
18
19
20
21
22
23
24
25
28
29
30
31
32
33
34
35
36
37
42
43
44
45
46
48
50
51
52
56
57
58
59
61
62
63
65
66
67
73
74
75
76
77
78
79
81
85
86
87
88
89
91
92
93
94
95
99
100
101
102
103
104
105
106
107
108
109
110
112
115
116
117
118
119
120
121
122
124
127
129
130
131
132
134
135
136
137
138
139
141
143
144
145
146
147
148
149
150
151
152
153
154
158
159
160
161
162
163
164
165
166
167
171
172
173
174
175
176
177
178
179
180
181
