2922
3
6
7
8
9
11
12
15
17
21
23
24
28
30
34
36
37
39
41
42
51
53
57
58
60
62
63
64
66
72
73
74
77
79
83
88
91
95
97
104
106
113
116
117
119
121
123
126
128
131
133
135
137
141
142
146
147
149
150
152
155
156
157
159
160
162
163
166
167
170
171
172
173
174
176
179
183
194
196
197
198
202
207
210
213
215
218
219
220
224
226
229
230
233
234
236
239
240
245
247
248
253
254
262
263
264
269
270
271
273
275
277
278
280
285
286
293
296
297
299
302
303
309
311
313
314
316
319
332
336
341
343
347
348
349
351
354
357
362
367
370
372
378
384
386
388
395
397
402
404
413
418
420
422
424
426
431
435
446
447
451
452
455
459
461
462
466
471
473
476
477
483
484
486
488
489
490
491
493
498
500
502
503
504
505
510
511
516
517
518
521
523
524
526
527
528
534
537
545
552
553
554
556
557
566
578
584
587
595
596
598
600
601
602
606
611
613
623
625
629
631
634
639
640
641
647
648
650
652
654
656
663
668
673
680
683
690
693
694
695
697
702
708
710
714
715
716
722
728
729
737
739
740
742
743
744
746
747
755
756
760
761
763
764
769
770
773
777
779
780
781
782
783
784
787
788
790
795
797
800
801
806
808
815
821
824
825
831
837
842
843
844
846
847
848
850
851
852
853
855
856
858
859
866
867
870
871
874
879
883
886
888
891
894
895
899
903
904
905
906
907
912
919
924
925
932
936
939
942
944
945
947
948
951
959
962
963
967
973
974
976
977
978
982
985
986
987
990
995
997
1004
1006
1007
1010
1012
1013
1017
1024
1030
1032
1033
1034
1041
1052
1058
1062
1065
1066
1067
1068
1069
1077
1078
1079
1080
1081
1083
1092
1101
1106
1108
1110
1111
1113
1114
1117
1119
1123
1125
1129
1132
1137
1140
1148
1149
1151
1152
1153
1155
1160
1161
1165
1166
1168
1169
1172
1175
1178
1179
1180
1182
1184
1186
1190
1191
1193
1194
1197
1198
1199
1201
1202
1203
1204
1205
1207
1210
1212
1213
1214
1216
1217
1218
1220
1221
1224
1225
1229
1232
1240
1242
1246
1248
1249
1251
1252
1253
1254
1258
1267
1270
1275
1276
1278
1279
1281
1285
1287
1289
1293
1294
1303
1308
1313
1314
1317
1321
1327
1328
1330
1333
1334
1336
1340
1341
1342
1345
1351
1352
1354
1357
1364
1375
1381
1382
1383
1384
1393
1394
1399
1403
1404
1407
1408
1412
1414
1417
1419
1420
1422
1427
1433
1436
1439
1442
1443
1447
1455
1457
1461
1462
1465
1467
1471
1473
1474
1479
1483
1484
1487
1492
1506
1510
1511
1513
1514
1516
1520
1524
1526
1531
1536
1537
1538
1551
1552
1553
1561
1562
1563
1567
1570
1579
1581
1584
1595
1599
1602
1603
1604
1605
1606
1607
1609
1614
1621
1622
1623
1626
1629
1630
1631
1632
1633
1635
1636
1640
1641
1644
1647
1655
1657
1661
1662
1664
1669
1671
1672
1677
1684
1687
1689
1692
1696
1699
1702
1705
1708
1709
1713
1714
1716
1726
1730
1733
1735
1737
1742
1746
1753
1754
1756
1757
1759
1766
1767
1768
1769
1770
1771
1773
1775
1776
1783
1784
1785
1792
1793
1805
1806
1808
1810
1823
1824
1827
1830
1836
1838
1840
1842
1843
1849
1851
1853
1855
1857
1861
1865
1866
1870
1880
1882
1887
1888
1896
1900
1904
1907
1910
1914
1916
1919
1920
1921
1923
1924
1927
1928
1929
1931
1932
1934
1936
1940
1943
1944
1947
1949
1954
1955
1958
1959
1961
1962
1967
1973
1975
1980
1981
1982
1985
1986
1987
1995
2000
2001
2003
2004
2009
2010
2014
2015
2019
2022
2024
2025
2026
2029
2031
2032
2035
2036
2038
2039
2040
2041
2042
2043
2044
2046
2048
2050
2052
2055
2058
2059
2068
2070
2072
2074
2076
2079
2082
2086
2088
2091
2094
2095
2099
2108
2111
2112
2113
2117
2123
2124
2125
2134
2135
2137
2138
2139
2143
2144
2148
2149
2153
2155
2157
2159
2162
2164
2167
2169
2175
2180
2181
2185
2188
2191
2193
2194
2195
2197
2198
2199
2202
2204
2207
2208
2214
2216
2218
2220
2222
2223
2224
2225
2226
2230
2231
2232
2235
2237
2242
2243
2245
2248
2253
2254
2256
2257
2261
2262
2263
2265
2271
2274
2279
2283
2284
2288
2289
2290
2291
2297
2301
2303
2307
2314
2317
2318
2319
2321
2331
2336
2339
2340
2341
2349
2356
2357
2363
2364
2365
2367
2368
2373
2374
2376
2378
2380
2381
2382
2384
2388
2389
2397
2401
2402
2403
2404
2405
2406
2410
2413
2414
2416
2418
2420
2433
2435
2437
2438
2440
2443
2445
2447
2454
2455
2457
2459
2460
2466
2467
2470
2478
2479
2480
2482
2485
2488
2493
2494
2495
2496
2500
2504
2506
2507
2508
2509
2510
2511
2512
2514
2516
2519
2520
2523
2525
2527
2533
2535
2544
2554
2555
2556
2557
2559
2560
2561
2570
2572
2574
2577
2578
2583
2585
2591
2593
2596
2599
2602
2605
2611
2613
2614
2616
2625
2626
2627
2631
2633
2634
2635
2636
2643
2647
2649
2654
2655
2657
2659
2664
2665
2669
2674
2675
2676
2681
2682
2684
2686
2689
2691
2695
2697
2701
2710
2712
2716
2724
2728
2729
2733
2735
2738
2742
2744
2745
2755
2759
2760
2761
2763
2764
2765
2767
2770
2775
2776
2781
2784
2785
2786
2788
2790
2794
2796
2798
2802
2804
2805
2807
2812
2814
2816
2820
2821
2826
2831
2834
2835
2836
2838
2843
2845
2854
2855
2859
2865
2866
2872
2874
2875
2876
2882
2884
2885
2888
2895
2897
2899
2900
2902
2904
2911
2912
2915
2916
2917
2918
2923
2925
2926
2929
2930
2934
2937
2940
2944
2945
2946
2954
2956
2958
2961
2964
2967
2972
2977
2980
2981
2983
2984
2987
2996
2999
3000
3001
3004
3006
3007
3012
3013
3026
3030
3032
3036
3038
3039
3040
3042
3044
3045
3048
3055
3060
3062
3066
3067
3068
3069
3070
3072
3074
3076
3079
3080
3084
3085
3087
3091
3092
3093
3095
3097
3098
3101
3104
3106
3108
3109
3111
3115
3118
3121
3122
3123
3126
3129
3132
3138
3139
3144
3145
3146
3147
3148
3154
3162
3166
3168
3169
3175
3176
3177
3178
3182
3189
3191
3193
3199
3203
3207
3212
3215
3216
3219
3224
3226
3230
3235
3242
3245
3246
3247
3249
3253
3255
3265
3271
3273
3278
3279
3280
3282
3284
3286
3292
3294
3302
3304
3312
3314
3315
3317
3322
3323
3326
3330
3332
3335
3337
3341
3343
3348
3349
3351
3352
3353
3355
3357
3358
3361
3364
3365
3367
3368
3374
3376
3377
3379
3382
3383
3386
3388
3389
3393
3395
3402
3406
3409
3410
3413
3415
3428
3430
3431
3432
3433
3434
3436
3437
3443
3444
3446
3453
3457
3458
3460
3465
3472
3477
3481
3482
3483
3486
3488
3494
3495
3496
3504
3505
3506
3513
3515
3519
3520
3522
3529
3532
3533
3539
3541
3556
3563
3565
3568
3570
3571
3573
3579
3582
3584
3588
3590
3591
3595
3601
3602
3610
3611
3614
3616
3617
3618
3620
3621
3622
3625
3630
3632
3633
3636
3637
3641
3646
3647
3650
3651
3653
3659
3661
3663
3664
3668
3672
3674
3676
3678
3679
3681
3683
3685
3686
3687
3689
3691
3692
3696
3698
3702
3703
3708
3722
3723
3724
3726
3728
3731
3733
3734
3735
3737
3739
3743
3745
3747
3748
3751
3753
3755
3756
3758
3759
3760
3763
3764
3767
3768
3770
3772
3773
3777
3778
3785
3788
3792
3793
3796
3797
3801
3803
3809
3814
3816
3818
3825
3829
3830
3831
3834
3835
3836
3838
3840
3842
3845
3848
3849
3850
3851
3852
3856
3857
3859
3862
3865
3866
3867
3869
3872
3873
3880
3881
3882
3886
3889
3890
3891
3894
3898
3904
3905
3906
3911
3915
3916
3917
3918
3920
3925
3926
3928
3931
3935
3937
3938
3939
3943
3948
3949
3950
3954
3955
3957
3959
3961
3968
3972
3973
3977
3982
3983
3986
3987
3991
3993
3994
3997
4004
4005
4010
4011
4016
4020
4022
4023
4024
4028
4029
4036
4039
4042
4043
4048
4050
4052
4057
4059
4061
4062
4063
4065
4073
4076
4079
4081
4087
4093
4094
4096
4098
4099
4103
4107
4109
4112
4113
4114
4116
4122
4124
4132
4133
4137
4138
4139
4142
4147
4148
4149
4152
4154
4156
4158
4161
4165
4180
4183
4186
4188
4192
4196
4201
4202
4204
4206
4209
4219
4220
4221
4225
4226
4228
4230
4232
4238
4242
4247
4251
4256
4259
4263
4265
4267
4268
4272
4279
4280
4281
4282
4284
4289
4291
4297
4298
4303
4307
4316
4317
4318
4321
4324
4325
4326
4333
4343
4346
4347
4350
4352
4353
4359
4361
4363
4364
4366
4367
4371
4375
4379
4381
4385
4390
4395
4396
4401
4402
4403
4405
4407
4408
4410
4416
4417
4419
4420
4421
4426
4428
4429
4431
4433
4434
4435
4438
4439
4441
4444
4449
4454
4456
4458
4463
4466
4470
4472
4473
4475
4483
4486
4488
4490
4491
4492
4495
4506
4507
4509
4511
4514
4515
4520
4521
4523
4524
4526
4530
4534
4535
4537
4540
4541
4544
4545
4546
4547
4548
4549
4550
4552
4553
4554
4555
4557
4558
4562
4564
4573
4574
4589
4592
4595
4596
4598
4603
4605
4608
4612
4613
4615
4616
4619
4628
4632
4633
4640
4641
4642
4643
4644
4645
4648
4652
4656
4658
4666
4668
4671
4672
4675
4676
4682
4684
4687
4688
4690
4692
4693
4696
4699
4700
4703
4706
4709
4710
4716
4722
4724
4725
4726
4727
4728
4732
4737
4740
4742
4744
4746
4747
4749
4751
4754
4761
4762
4765
4768
4769
4773
4774
4776
4781
4782
4783
4786
4790
4791
4793
4794
4796
4801
4802
4803
4806
4807
4812
4813
4817
4821
4822
4825
4826
4829
4830
4831
4835
4837
4839
4841
4844
4845
4849
4852
4861
4865
4870
4872
4876
4879
4881
4882
4884
4885
4886
4889
4890
4895
4898
4906
4909
4912
4913
4914
4916
4919
4920
4922
4924
4926
4927
4930
4935
4939
4943
4947
4950
4951
4953
4955
4961
4963
4970
4971
4987
4988
4991
4994
4995
4996
4997
5003
5009
5010
5012
5013
5014
5015
5016
5018
5021
5029
5030
5031
5033
5039
5040
5041
5042
5047
5048
5053
5060
5064
5074
5076
5080
5081
5082
5084
5086
5089
5090
5091
5092
5096
5097
5101
5103
5104
5105
5106
5112
5113
5115
5122
5123
5124
5128
5132
5135
5139
5140
5148
5152
5153
5155
5157
5158
5159
5160
5166
5168
5172
5175
5176
5180
5183
5189
5190
5191
5193
5194
5195
5203
5209
5213
5216
5218
5222
5224
5226
5229
5230
5231
5235
5238
5243
5247
5248
5250
5260
5261
5262
5265
5269
5273
5274
5278
5281
5282
5283
5287
5288
5289
5293
5294
5297
5307
5310
5316
5317
5326
5327
5329
5330
5334
5336
5339
5346
5347
5348
5361
5365
5366
5368
5374
5377
5379
5381
5393
5394
5396
5397
5398
5401
5403
5405
5406
5407
5409
5412
5420
5423
5432
5438
5439
5441
5448
5451
5452
5455
5457
5459
5462
5465
5466
5472
5475
5477
5478
5481
5483
5490
5495
5496
5499
5501
5504
5514
5516
5521
5523
5530
5538
5540
5548
5551
5557
5562
5563
5566
5567
5568
5571
5575
5579
5588
5590
5591
5593
5597
5598
5600
5601
5609
5610
5613
5619
5623
5625
5627
5633
5634
5635
5636
5638
5645
5649
5650
5651
5652
5656
5658
5659
5660
5662
5665
5667
5669
5670
5672
5673
5674
5677
5678
5681
5683
5684
5686
5687
5706
5707
5709
5710
5713
5715
5719
5728
5730
5731
5734
5741
5746
5748
5754
5758
5767
5770
5776
5778
5781
5784
5786
5788
5789
5795
5796
5799
5801
5803
5805
5807
5809
5810
5813
5815
5818
5819
5820
5822
5827
5833
5834
5838
5840
5843
5846
5848
5849
5856
5860
5863
5866
5868
5874
5876
5881
5882
5886
5890
5891
5893
5898
5900
5901
5905
5908
5912
5915
5917
5920
5922
5925
5936
5937
5938
5942
5944
5951
5956
5957
5960
5966
5968
5970
5973
5974
5976
5982
5983
5989
5994
5995
6006
6011
6013
6016
6019
6022
6024
6025
6026
6027
6035
6041
6042
6045
6048
6050
6055
6056
6058
6059
6060
6061
6062
6065
6066
6069
6071
6074
6075
6076
6079
6081
6082
6084
6085
6088
6089
6090
6092
6095
6100
6102
6106
6107
6108
6112
6115
6116
6117
6120
6123
6129
6132
6133
6134
6136
6137
6138
6142
6144
6150
6159
6168
6170
6173
6180
6184
6185
6190
6191
6195
6200
6205
6206
6207
6212
6213
6222
6227
6229
6237
6242
6244
6246
6250
6252
6253
6258
6259
6261
6262
6268
6271
6272
6274
6275
6282
6291
6292
6293
6294
6300
6302
6303
6304
6313
6314
6315
6320
6321
6322
6325
6326
6328
6329
6330
6337
6338
6343
6348
6350
6354
6355
6356
6357
6360
6361
6364
6365
6367
6373
6379
6381
6383
6384
6386
6388
6390
6391
6392
6395
6396
6397
6400
6407
6408
6411
6416
6417
6421
6423
6424
6428
6437
6439
6441
6445
6447
6450
6454
6455
6456
6457
6458
6460
6462
6463
6464
6465
6469
6473
6474
6476
6480
6482
6485
6487
6489
6493
6494
6497
6500
6501
6504
6510
6511
6512
6514
6515
6516
6518
6519
6521
6522
6523
6524
6526
6529
6533
6534
6537
6543
6548
6555
6556
6561
6565
6569
6572
6573
6574
6575
6579
6585
6586
6589
6598
6602
6604
6608
6609
6611
6613
6617
6618
6619
6623
6628
6631
6633
6635
6639
6642
6646
6653
6654
6659
6661
6663
6665
6666
6670
6673
6675
6677
6680
6683
6693
6695
6699
6700
6703
6704
6708
6709
6712
6714
6716
6722
6723
6724
6726
6727
6729
6730
6733
6734
6736
6740
6745
6748
6749
6751
6755
6762
6763
6765
6766
6767
6771
6772
6776
6777
6778
6784
6785
6789
6790
6791
6793
6796
6797
6798
6804
6805
6806
6807
6811
6814
6817
6818
6821
6824
6825
6826
6827
6829
6831
6832
6836
6838
6842
6845
6848
6852
6853
6854
6856
6857
6858
6863
6864
6865
6868
6869
6873
6884
6887
6889
6890
6893
6894
6896
6898
6900
6902
6909
6911
6912
6914
6917
6923
6924
6929
6934
6935
6936
6939
6941
6942
6945
6946
6949
6957
6959
6960
6962
6963
6965
6966
6970
6971
6974
6975
6979
6981
6983
6985
6988
6990
6991
6995
6998
7002
7008
7010
7011
7013
7015
7019
7022
7024
7025
7031
7032
7035
7037
7039
7040
7042
7043
7046
7049
7051
7053
7054
7056
7057
7065
7067
7068
7069
7070
7073
7078
7079
7081
7083
7089
7093
7096
7097
7098
7099
7103
7105
7107
7110
7114
7121
7122
7123
7126
7128
7129
7130
7136
7139
7141
7142
7149
7152
7156
7160
7166
7171
7174
7179
7180
7186
7188
7189
7191
7192
7193
7195
7198
7199
7202
7204
7207
7213
7218
7222
7223
7229
7232
7233
7235
7238
7239
7242
7246
7253
7255
7260
7261
7265
7270
7273
7274
7281
7282
7292
7293
7295
7297
7298
7300
7302
7306
7308
7309
7310
7314
7321
7327
7332
7333
7336
7338
7341
7344
7348
7350
7351
7353
7357
7360
7362
7365
7366
7368
7371
7377
7381
7395
7397
7398
7404
7406
7408
7409
7410
7411
7413
7414
7417
7418
7421
7429
7442
7444
7445
7449
7454
7457
7458
7459
7461
7466
7467
7469
7472
7475
7482
7487
7489
7491
7492
7493
7494
7499
7500
7506
7508
7509
7512
7515
7518
7519
7521
7524
7530
7531
7533
7534
7537
7540
7546
7547
7549
7556
7560
7563
7564
7565
7567
7578
7579
7583
7585
7589
7590
7591
7593
7597
7598
7600
7601
7604
7608
7611
7613
7614
7616
7622
7624
7632
7634
7635
7640
7642
7643
7647
7649
7650
7651
7652
7656
7657
7660
7662
7664
7665
7666
7669
7671
7677
7678
7682
7686
7687
7689
7691
7692
7695
7697
7698
7700
7707
7714
7718
7723
7726
7729
7732
7736
7740
7741
7744
7747
7748
7752
7756
7764
7765
7766
7767
7770
7771
7772
7776
7777
7779
7781
7784
7786
7789
7793
7795
7796
7798
7799
7803
7806
7808
7809
7811
7812
7814
7815
7816
7823
7824
7825
7827
7830
7834
7835
7837
7839
7842
7843
7844
7846
7848
7852
7853
7854
7855
7857
7861
7862
7863
7868
7869
7878
7879
7883
7884
7885
7887
7890
7892
7902
7906
7908
7910
7911
7914
7915
7916
7919
7928
7929
7936
7938
7941
7942
7943
7946
7957
7961
7962
7966
7969
7972
7973
7974
7979
7980
7983
7984
7985
7986
7988
7992
7993
7997
7998
8002
8006
8007
8010
8013
8014
8018
8019
8023
8026
8028
8030
8031
8039
8044
8047
8049
8051
8056
8061
8062
8064
8078
8083
8084
8085
8088
8092
8094
8097
8099
8101
8103
8105
8108
8109
8114
8121
8122
8124
8125
8128
8131
8132
8135
8139
8141
8143
8144
8150
8157
8158
8160
8164
8165
8166
8167
8169
8171
8172
8174
8175
8176
8177
8179
8183
8186
8191
8199
8202
8203
8205
8212
8213
8214
8217
8222
8223
8230
8233
8238
8243
8247
8252
8254
8255
8259
8261
8268
8271
8279
8281
8283
8285
8286
8289
8293
8294
8295
8299
8302
8303
8307
8310
8311
140
0
1
2
3
4
5
6
7
8
9
14
15
16
17
18
19
20
21
22
24
26
27
28
29
30
31
32
33
35
39
41
42
43
44
45
46
47
48
49
50
51
53
56
57
58
59
60
61
62
63
64
65
66
67
72
73
74
75
76
77
78
79
80
81
84
85
86
87
88
89
90
91
92
93
94
98
99
100
101
102
103
104
106
107
108
109
113
114
115
116
117
118
119
120
121
122
125
127
128
129
130
131
132
133
134
135
136
137
141
142
143
144
145
146
147
148
149
150
151
155
156
157
158
159
160
161
162
163
164
167
168
169
170
171
172
173
174
175
176
179
