3888
2
4
7
10
13
15
17
19
23
33
36
37
38
39
40
42
46
47
52
53
54
60
61
63
66
67
68
69
70
71
72
74
75
76
77
78
84
89
90
92
93
94
95
96
97
101
102
104
107
113
114
117
118
119
122
124
130
131
132
133
134
135
137
138
139
141
143
144
145
146
148
149
152
153
154
155
157
159
164
166
168
169
171
173
176
177
179
181
184
185
186
187
190
192
193
194
195
199
201
204
206
208
209
211
215
220
221
224
226
232
234
235
238
243
245
252
253
255
256
260
262
268
272
273
275
277
279
280
283
284
285
288
293
298
299
305
306
308
309
310
318
321
322
323
330
332
334
335
337
341
342
343
344
345
346
347
350
351
352
354
356
357
359
362
364
365
366
369
372
373
374
375
378
384
386
389
390
394
395
396
398
399
400
401
404
405
406
407
408
409
411
413
414
415
416
418
420
422
423
425
426
429
431
432
434
436
438
439
440
442
443
444
446
452
453
456
457
459
461
469
472
473
478
479
480
484
487
489
490
493
497
499
500
501
504
505
506
509
510
512
518
520
522
523
526
527
530
539
542
543
544
545
547
549
550
552
553
558
559
560
561
563
565
566
567
568
574
576
577
578
581
583
584
589
591
592
593
595
599
600
601
604
607
608
615
617
619
626
630
632
633
634
635
639
640
642
644
649
651
652
653
654
656
658
660
663
664
668
669
670
672
673
674
675
677
678
680
681
684
685
686
687
688
690
691
692
693
694
697
698
702
707
708
711
715
716
718
721
722
723
725
726
727
728
731
733
735
737
740
743
744
745
746
748
751
753
754
757
761
762
764
765
766
767
768
769
772
773
776
781
783
786
789
790
791
792
794
795
799
800
802
803
804
805
807
809
810
811
814
816
818
819
823
824
825
826
828
829
830
831
832
833
836
838
839
840
842
845
846
851
852
853
854
856
858
862
863
864
865
868
870
876
877
880
887
888
889
898
899
900
903
906
907
908
909
919
920
921
923
929
931
933
941
942
943
953
954
957
958
959
960
963
964
966
967
970
971
972
974
975
976
980
982
983
985
986
994
998
1001
1003
1004
1005
1006
1007
1009
1010
1011
1012
1014
1017
1018
1021
1022
1023
1025
1027
1028
1032
1035
1037
1039
1042
1043
1046
1047
1050
1055
1060
1063
1066
1069
1077
1078
1079
1080
1081
1086
1089
1091
1092
1097
1102
1103
1104
1105
1106
1111
1113
1115
1118
1120
1122
1123
1124
1126
1132
1135
1139
1144
1145
1146
1150
1151
1152
1153
1154
1157
1159
1162
1165
1171
1172
1173
1175
1179
1182
1185
1189
1190
1193
1194
1197
1200
1201
1207
1208
1209
1210
1211
1212
1216
1217
1221
1222
1226
1228
1229
1235
1236
1238
1241
1242
1243
1245
1248
1249
1252
1253
1254
1258
1259
1260
1261
1262
1263
1269
1271
1276
1277
1279
1281
1282
1283
1284
1285
1289
1291
1293
1295
1298
1299
1304
1305
1308
1309
1313
1315
1316
1318
1319
1321
1323
1325
1327
1332
1334
1338
1341
1343
1348
1349
1350
1351
1357
1360
1361
1363
1366
1367
1369
1373
1374
1375
1376
1378
1379
1380
1382
1387
1388
1389
1391
1395
1396
1397
1399
1401
1404
1409
1410
1413
1414
1418
1420
1421
1422
1424
1426
1429
1430
1431
1432
1433
1434
1436
1437
1438
1441
1443
1444
1446
1449
1453
1454
1455
1456
1457
1460
1462
1464
1465
1466
1467
1470
1473
1474
1483
1487
1489
1490
1496
1498
1507
1508
1510
1513
1514
1515
1517
1522
1524
1527
1534
1538
1539
1540
1542
1545
1547
1548
1549
1552
1554
1555
1560
1561
1563
1565
1566
1571
1574
1577
1578
1579
1580
1581
1583
1585
1586
1589
1591
1592
1593
1594
1596
1597
1600
1601
1603
1604
1605
1608
1609
1610
1611
1612
1613
1618
1620
1621
1622
1624
1625
1629
1633
1637
1640
1642
1643
1644
1651
1653
1655
1664
1665
1669
1671
1672
1673
1675
1676
1678
1679
1681
1683
1684
1687
1688
1693
1695
1699
1700
1705
1709
1713
1716
1721
1725
1728
1729
1730
1734
1735
1736
1738
1739
1740
1741
1746
1748
1754
1757
1762
1763
1764
1768
1769
1771
1774
1775
1778
1781
1782
1784
1785
1786
1787
1788
1789
1790
1792
1793
1794
1795
1796
1799
1802
1804
1805
1808
1814
1816
1817
1820
1823
1826
1827
1828
1829
1831
1832
1835
1841
1843
1845
1846
1848
1856
1857
1858
1861
1862
1864
1865
1868
1869
1870
1871
1875
1876
1878
1886
1889
1891
1894
1898
1901
1903
1905
1906
1910
1917
1920
1921
1922
1923
1924
1925
1929
1930
1932
1933
1934
1937
1939
1942
1943
1944
1946
1955
1957
1960
1962
1966
1967
1969
1970
1973
1977
1980
1986
1989
1990
1992
1993
1994
1996
1997
1999
2003
2006
2009
2011
2012
2014
2015
2016
2018
2019
2020
2021
2022
2023
2025
2026
2027
2029
2030
2031
2032
2035
2036
2037
2040
2041
2042
2045
2046
2047
2048
2049
2050
2051
2052
2053
2061
2062
2063
2066
2067
2071
2072
2073
2079
2081
2083
2085
2086
2087
2088
2089
2091
2093
2097
2098
2099
2100
2102
2105
2108
2110
2112
2115
2116
2117
2119
2120
2124
2128
2129
2132
2133
2134
2136
2137
2139
2142
2143
2148
2152
2153
2154
2165
2166
2168
2169
2170
2172
2173
2174
2175
2176
2177
2179
2181
2185
2186
2187
2188
2189
2190
2192
2193
2194
2195
2196
2198
2200
2204
2205
2206
2208
2209
2211
2212
2215
2217
2221
2222
2224
2225
2230
2231
2233
2237
2240
2243
2247
2248
2249
2251
2256
2257
2259
2261
2264
2273
2274
2275
2276
2281
2283
2285
2287
2289
2291
2293
2295
2298
2299
2300
2302
2304
2307
2311
2313
2314
2315
2316
2317
2321
2322
2330
2332
2336
2337
2338
2341
2343
2348
2350
2351
2353
2354
2355
2358
2360
2361
2362
2364
2371
2372
2376
2383
2387
2388
2390
2391
2392
2394
2397
2398
2400
2402
2403
2406
2407
2410
2412
2413
2414
2416
2417
2420
2421
2424
2425
2426
2432
2433
2436
2438
2441
2444
2445
2451
2454
2455
2459
2461
2463
2464
2466
2468
2470
2472
2473
2474
2475
2476
2484
2486
2487
2492
2493
2498
2499
2500
2501
2503
2505
2513
2514
2517
2518
2521
2522
2526
2527
2531
2532
2534
2536
2540
2541
2544
2545
2549
2552
2554
2555
2556
2557
2560
2563
2566
2567
2568
2572
2573
2574
2577
2578
2580
2582
2584
2586
2587
2588
2589
2598
2599
2600
2601
2602
2605
2606
2607
2609
2611
2613
2616
2617
2621
2622
2624
2626
2628
2630
2631
2632
2633
2636
2640
2645
2646
2650
2651
2654
2655
2656
2657
2660
2661
2666
2667
2670
2672
2673
2674
2676
2678
2679
2682
2683
2685
2686
2688
2690
2691
2692
2693
2694
2698
2699
2700
2701
2702
2705
2706
2709
2712
2713
2717
2718
2719
2722
2724
2725
2727
2732
2733
2734
2735
2737
2738
2739
2741
2742
2743
2745
2746
2749
2750
2752
2753
2754
2757
2759
2760
2761
2762
2764
2767
2768
2769
2770
2772
2773
2775
2782
2783
2784
2786
2788
2789
2794
2796
2797
2798
2799
2801
2802
2803
2804
2805
2807
2808
2809
2811
2812
2815
2817
2818
2820
2821
2822
2828
2829
2833
2834
2835
2836
2837
2841
2842
2843
2844
2851
2857
2858
2859
2860
2861
2862
2863
2865
2866
2868
2871
2872
2873
2874
2875
2879
2881
2883
2887
2888
2889
2891
2892
2893
2894
2895
2897
2901
2902
2906
2908
2910
2916
2923
2926
2927
2929
2930
2934
2936
2938
2939
2940
2943
2949
2952
2954
2955
2956
2957
2960
2961
2962
2967
2968
2969
2971
2972
2975
2976
2977
2978
2986
2992
2995
2997
3000
3001
3002
3003
3004
3007
3011
3012
3013
3014
3015
3018
3019
3023
3026
3027
3031
3033
3037
3039
3040
3043
3044
3045
3046
3047
3048
3049
3050
3051
3052
3056
3057
3059
3060
3065
3068
3069
3071
3074
3075
3076
3077
3078
3083
3084
3089
3090
3092
3094
3095
3096
3104
3106
3107
3108
3109
3121
3127
3130
3135
3142
3143
3148
3151
3155
3161
3162
3167
3169
3170
3174
3176
3181
3182
3184
3190
3192
3193
3195
3196
3197
3199
3205
3209
3211
3212
3215
3216
3217
3221
3223
3224
3225
3227
3229
3231
3232
3237
3238
3240
3244
3248
3250
3251
3253
3261
3262
3263
3265
3266
3268
3269
3272
3273
3274
3275
3277
3278
3279
3280
3281
3286
3287
3290
3291
3293
3296
3298
3299
3300
3301
3304
3305
3306
3307
3308
3309
3313
3315
3318
3321
3323
3326
3327
3333
3334
3335
3338
3341
3343
3346
3348
3349
3351
3353
3354
3356
3363
3367
3368
3370
3372
3373
3374
3377
3378
3379
3380
3384
3386
3387
3389
3394
3396
3397
3398
3399
3400
3401
3405
3406
3409
3411
3412
3414
3416
3418
3424
3426
3428
3429
3436
3438
3439
3444
3445
3446
3447
3448
3449
3454
3457
3461
3462
3466
3470
3472
3474
3475
3478
3482
3483
3486
3489
3490
3491
3492
3497
3499
3501
3502
3503
3505
3506
3508
3509
3511
3514
3515
3517
3522
3525
3526
3527
3528
3531
3536
3537
3541
3546
3547
3548
3549
3550
3551
3553
3554
3555
3557
3559
3571
3572
3577
3578
3581
3582
3583
3586
3587
3589
3591
3592
3593
3595
3596
3597
3599
3600
3604
3606
3608
3609
3613
3614
3615
3618
3619
3620
3621
3622
3624
3627
3628
3630
3631
3635
3637
3639
3641
3642
3643
3644
3648
3650
3652
3655
3665
3666
3669
3671
3673
3676
3680
3688
3689
3694
3696
3698
3704
3705
3706
3708
3709
3711
3713
3715
3716
3720
3723
3724
3725
3727
3730
3731
3732
3734
3737
3739
3742
3744
3745
3752
3754
3755
3757
3758
3759
3765
3766
3767
3775
3777
3778
3779
3784
3786
3787
3788
3793
3796
3797
3802
3805
3807
3810
3814
3818
3819
3820
3824
3825
3830
3835
3836
3837
3838
3839
3841
3843
3844
3847
3849
3851
3852
3853
3856
3860
3863
3864
3865
3868
3871
3872
3873
3874
3875
3876
3877
3880
3884
3885
3886
3889
3891
3892
3893
3896
3898
3901
3903
3905
3908
3910
3911
3912
3913
3915
3916
3917
3918
3919
3921
3925
3926
3928
3929
3930
3931
3932
3933
3934
3935
3939
3941
3944
3946
3947
3949
3950
3954
3959
3960
3965
3966
3967
3968
3971
3975
3976
3980
3981
3982
3983
3984
3988
3989
3992
3994
3995
3996
3999
4002
4003
4005
4010
4013
4016
4018
4019
4020
4021
4023
4024
4025
4026
4029
4033
4036
4040
4042
4043
4049
4050
4052
4054
4055
4056
4060
4062
4065
4066
4068
4070
4080
4081
4083
4085
4090
4091
4093
4095
4102
4106
4109
4110
4111
4114
4118
4120
4122
4124
4127
4128
4129
4130
4131
4133
4134
4140
4148
4153
4154
4156
4159
4164
4165
4166
4167
4168
4169
4170
4175
4176
4177
4178
4179
4181
4183
4187
4190
4192
4193
4195
4196
4197
4198
4200
4201
4202
4203
4204
4205
4209
4210
4213
4215
4216
4218
4219
4221
4223
4227
4230
4232
4233
4236
4237
4239
4241
4243
4245
4246
4249
4251
4252
4260
4261
4263
4264
4265
4266
4269
4273
4276
4277
4281
4282
4283
4284
4285
4289
4290
4291
4293
4298
4299
4301
4304
4307
4308
4309
4310
4315
4316
4317
4318
4327
4329
4334
4339
4340
4341
4342
4348
4349
4352
4354
4355
4356
4357
4358
4359
4361
4365
4369
4371
4376
4377
4378
4381
4382
4388
4389
4396
4397
4399
4401
4403
4404
4407
4415
4416
4418
4419
4421
4422
4423
4424
4428
4429
4431
4436
4439
4440
4443
4444
4445
4453
4454
4456
4463
4464
4470
4471
4475
4476
4477
4478
4479
4481
4482
4484
4490
4491
4492
4493
4496
4499
4500
4502
4503
4506
4507
4513
4514
4517
4519
4521
4522
4525
4526
4527
4528
4529
4531
4532
4533
4534
4535
4536
4538
4539
4540
4541
4542
4543
4544
4545
4548
4550
4551
4552
4553
4555
4559
4560
4561
4562
4563
4564
4566
4569
4571
4577
4579
4582
4586
4589
4591
4594
4599
4600
4604
4607
4614
4618
4619
4621
4622
4628
4631
4632
4633
4634
4636
4639
4640
4641
4644
4645
4646
4647
4648
4650
4652
4653
4657
4658
4660
4661
4665
4667
4669
4670
4671
4672
4674
4675
4676
4677
4683
4685
4687
4688
4689
4693
4695
4696
4697
4701
4704
4707
4708
4711
4713
4717
4722
4723
4724
4728
4729
4732
4735
4740
4744
4745
4746
4751
4752
4754
4757
4758
4759
4760
4761
4766
4767
4769
4771
4772
4773
4775
4778
4779
4781
4782
4783
4784
4786
4788
4789
4792
4794
4795
4797
4798
4799
4800
4801
4805
4810
4812
4814
4816
4820
4824
4825
4827
4831
4834
4835
4837
4845
4846
4847
4849
4850
4851
4853
4854
4860
4862
4863
4865
4867
4869
4870
4871
4873
4875
4876
4877
4880
4882
4892
4893
4895
4898
4900
4903
4904
4905
4909
4910
4911
4913
4914
4915
4916
4919
4920
4922
4924
4925
4929
4930
4931
4933
4934
4937
4940
4941
4942
4943
4945
4949
4951
4955
4957
4958
4963
4965
4967
4968
4969
4971
4972
4973
4974
4976
4981
4983
4984
4987
4988
4990
4993
4994
4997
4998
4999
5004
5008
5010
5011
5016
5017
5020
5021
5022
5023
5024
5025
5026
5031
5032
5033
5034
5035
5036
5039
5040
5042
5044
5045
5046
5049
5052
5054
5059
5060
5063
5067
5069
5071
5073
5074
5075
5083
5085
5087
5089
5090
5093
5095
5096
5098
5100
5101
5102
5105
5106
5107
5108
5114
5115
5117
5118
5119
5121
5122
5124
5125
5126
5127
5134
5136
5140
5143
5144
5145
5146
5148
5150
5151
5152
5153
5154
5156
5158
5159
5161
5162
5163
5164
5167
5173
5174
5175
5176
5180
5181
5184
5186
5191
5192
5193
5196
5198
5200
5201
5203
5205
5209
5211
5212
5213
5214
5215
5216
5221
5222
5223
5224
5225
5226
5227
5228
5229
5230
5231
5232
5233
5236
5237
5238
5243
5244
5249
5250
5251
5252
5253
5254
5257
5258
5259
5263
5265
5266
5268
5271
5272
5274
5275
5277
5278
5279
5280
5281
5283
5284
5285
5287
5290
5292
5295
5297
5300
5302
5306
5307
5308
5309
5314
5316
5317
5320
5321
5322
5324
5325
5327
5329
5330
5336
5337
5338
5339
5340
5341
5343
5344
5345
5347
5350
5351
5352
5356
5357
5365
5375
5376
5377
5379
5381
5382
5383
5387
5388
5390
5392
5393
5396
5398
5399
5400
5402
5407
5409
5419
5421
5423
5427
5428
5430
5432
5433
5436
5438
5442
5443
5444
5445
5446
5450
5451
5453
5454
5457
5458
5459
5464
5466
5467
5472
5474
5476
5477
5478
5482
5483
5485
5487
5488
5489
5491
5495
5496
5499
5502
5504
5506
5511
5524
5525
5528
5529
5532
5536
5537
5546
5547
5548
5553
5554
5555
5558
5559
5562
5563
5565
5567
5572
5574
5576
5577
5578
5581
5583
5584
5585
5586
5587
5588
5590
5591
5592
5593
5595
5597
5598
5599
5600
5602
5605
5609
5611
5613
5615
5618
5619
5621
5622
5631
5632
5633
5642
5643
5646
5648
5649
5653
5654
5655
5658
5659
5661
5664
5665
5670
5671
5673
5674
5675
5682
5683
5686
5691
5695
5698
5700
5702
5705
5708
5709
5711
5714
5718
5721
5725
5727
5729
5731
5732
5733
5734
5735
5737
5738
5740
5743
5744
5748
5749
5751
5753
5754
5755
5756
5757
5758
5759
5765
5767
5771
5772
5775
5777
5779
5780
5782
5788
5789
5790
5794
5795
5796
5801
5806
5808
5810
5811
5815
5816
5818
5819
5820
5821
5822
5824
5830
5831
5832
5833
5834
5836
5844
5847
5848
5850
5851
5855
5857
5859
5862
5865
5866
5867
5868
5874
5875
5876
5877
5881
5882
5885
5891
5892
5896
5898
5899
5901
5902
5903
5904
5905
5908
5911
5913
5914
5915
5919
5920
5921
5924
5925
5928
5930
5932
5935
5940
5943
5945
5949
5951
5952
5953
5955
5958
5959
5960
5961
5964
5966
5968
5970
5973
5976
5977
5978
5979
5981
5983
5986
5987
5988
5989
5990
5991
5992
5993
5994
5997
5998
6004
6006
6009
6011
6014
6015
6018
6021
6022
6024
6025
6030
6031
6034
6037
6038
6039
6041
6042
6043
6048
6050
6054
6055
6063
6064
6066
6070
6073
6074
6076
6077
6078
6080
6081
6083
6084
6087
6088
6089
6090
6092
6096
6099
6101
6104
6105
6107
6108
6111
6113
6116
6123
6125
6127
6128
6130
6131
6132
6133
6136
6138
6143
6145
6148
6149
6150
6153
6154
6156
6157
6159
6161
6168
6171
6172
6173
6174
6177
6180
6182
6183
6185
6189
6191
6195
6199
6200
6203
6204
6205
6206
6210
6211
6213
6214
6215
6216
6218
6221
6222
6227
6229
6232
6233
6236
6240
6241
6246
6247
6248
6250
6254
6258
6259
6260
6263
6269
6270
6271
6272
6273
6274
6275
6277
6278
6279
6280
6281
6282
6284
6285
6288
6292
6293
6294
6298
6300
6301
6303
6307
6308
6310
6315
6316
6320
6322
6323
6325
6326
6328
6329
6337
6342
6346
6347
6348
6354
6359
6360
6363
6365
6366
6369
6371
6373
6376
6377
6380
6381
6384
6385
6387
6390
6391
6392
6395
6399
6401
6403
6404
6405
6406
6407
6408
6410
6411
6415
6417
6419
6420
6423
6424
6426
6427
6429
6434
6436
6438
6439
6440
6441
6442
6444
6448
6451
6454
6455
6456
6457
6458
6459
6461
6464
6465
6466
6467
6470
6472
6473
6474
6476
6478
6480
6485
6486
6489
6491
6494
6496
6499
6502
6503
6504
6506
6509
6510
6511
6523
6528
6533
6534
6536
6538
6544
6548
6549
6550
6554
6558
6560
6561
6562
6566
6568
6570
6576
6577
6578
6579
6580
6583
6587
6590
6594
6598
6605
6607
6608
6609
6612
6614
6615
6616
6627
6628
6635
6639
6643
6645
6646
6650
6652
6653
6655
6656
6657
6659
6660
6661
6662
6665
6667
6668
6671
6672
6673
6675
6679
6680
6681
6682
6683
6686
6689
6691
6693
6694
6697
6702
6705
6706
6713
6714
6716
6718
6720
6721
6723
6727
6729
6731
6735
6736
6737
6738
6739
6740
6742
6743
6747
6748
6749
6750
6752
6754
6755
6756
6757
6758
6759
6760
6761
6764
6765
6768
6771
6773
6775
6781
6783
6784
6785
6791
6797
6799
6805
6808
6809
6811
6814
6815
6816
6817
6818
6824
6825
6827
6828
6829
6830
6831
6836
6837
6838
6839
6841
6842
6845
6851
6852
6856
6859
6861
6862
6867
6875
6879
6881
6883
6886
6887
6888
6889
6890
6893
6894
6895
6897
6899
6900
6904
6905
6906
6908
6914
6916
6918
6920
6923
6926
6929
6930
6933
6935
6938
6942
6943
6944
6945
6946
6947
6953
6954
6958
6959
6963
6964
6966
6967
6968
6970
6972
6974
6975
6978
6983
6984
6987
6989
6991
6993
6994
6995
6996
6997
6998
6999
7002
7003
7008
7012
7013
7014
7016
7018
7019
7020
7021
7023
7026
7028
7032
7033
7037
7042
7043
7044
7046
7047
7048
7051
7054
7056
7057
7060
7065
7067
7068
7071
7072
7073
7076
7077
7078
7079
7080
7081
7082
7083
7084
7086
7090
7097
7100
7101
7102
7104
7109
7116
7119
7120
7121
7125
7127
7128
7129
7132
7134
7136
7140
7141
7143
7144
7146
7147
7148
7149
7155
7156
7160
7162
7163
7164
7165
7169
7170
7171
7174
7176
7178
7179
7180
7189
7190
7191
7193
7194
7195
7198
7199
7205
7216
7217
7218
7219
7222
7223
7225
7228
7229
7231
7234
7235
7236
7238
7239
7240
7243
7245
7246
7248
7249
7251
7252
7255
7256
7257
7261
7266
7269
7275
7276
7280
7282
7285
7289
7290
7292
7294
7295
7296
7298
7302
7303
7308
7309
7310
7311
7313
7316
7317
7318
7319
7322
7324
7326
7327
7328
7329
7331
7341
7342
7343
7348
7349
7351
7352
7354
7355
7357
7358
7360
7361
7362
7366
7367
7369
7370
7372
7373
7376
7377
7378
7379
7380
7384
7385
7386
7387
7389
7390
7392
7394
7397
7400
7401
7402
7403
7405
7407
7408
7409
7410
7414
7415
7421
7426
7427
7430
7431
7432
7433
7435
7436
7439
7440
7441
7442
7443
7445
7447
7450
7452
7456
7457
7459
7461
7465
7466
7467
7468
7474
7476
7477
7478
7481
7483
7484
7486
7489
7493
7496
7500
7504
7505
7506
7508
7509
7510
7512
7515
7516
7518
7519
7520
7521
7522
7524
7525
7526
7527
7528
7532
7536
7538
7539
7540
7541
7542
7550
7551
7552
7553
7555
7558
7559
7560
7565
7567
7568
7570
7571
7576
7577
7578
7580
7581
7582
7583
7584
7593
7595
7596
7597
7599
7600
7601
7606
7608
7613
7615
7616
7617
7618
7619
7622
7623
7624
7630
7631
7632
7636
7640
7642
7646
7647
7649
7651
7652
7653
7654
7655
7657
7660
7662
7666
7668
7669
7672
7676
7679
7682
7683
7684
7687
7688
7689
7691
7693
7694
7695
7696
7697
7698
7704
7706
7709
7712
7714
7719
7720
7722
7723
7724
7725
7728
7729
7733
7743
7744
7746
7750
7751
7752
7753
7758
7759
7762
7763
7765
7766
7770
7774
7775
7778
7781
7783
7785
7788
7789
7790
7792
7794
7795
7796
7798
7802
7806
7807
7808
7809
7811
7814
7816
7818
7819
7820
7821
7824
7825
7827
7828
7834
7835
7837
7840
7842
7843
7845
7847
7849
7850
7851
7852
7854
7855
7858
7860
7861
7862
7864
7866
7867
7868
7869
7871
7872
7873
7876
7878
7882
7884
7885
7886
7888
7890
7893
7895
7896
7897
7899
7900
7902
7905
7907
7910
7911
7912
7913
7914
7916
7918
7922
7923
7927
7929
7930
7931
7933
7936
7939
7940
7941
7942
7946
7947
7948
7949
7955
7956
7957
7960
7961
7962
7964
7965
7968
7970
7972
7974
7977
7979
7982
7983
7985
7987
7989
7993
7996
8000
8002
8003
8004
8007
8008
8010
8012
8013
8014
8016
8017
8019
8020
8023
8025
8026
8029
8031
8033
8035
8036
8037
8038
8042
8045
8048
8050
8052
8054
8056
8058
8059
8060
8061
8062
8063
8065
8067
8068
8069
8070
8073
8074
8075
8076
8077
8078
8080
8084
8087
8093
8095
8097
8098
8100
8103
8104
8105
8108
8109
8114
8115
8118
8119
8120
8121
8125
8128
8129
8132
8133
8135
8136
8137
8139
8140
8142
8143
8145
8147
8149
8151
8152
8153
8156
8157
8164
8171
8172
8173
8175
8179
8181
8188
8189
8191
8192
8193
8194
8195
8198
8203
8212
8213
8215
8216
8217
8220
8222
8223
8224
8225
8227
8228
8235
8236
8240
8242
8243
8245
8249
8252
8254
8255
8256
8257
8258
8263
8265
8267
8271
8273
8274
8275
8277
8279
8280
8282
8286
8289
8294
8296
8298
8299
8301
8302
8303
8304
8305
8306
8308
8311
8314
8316
8324
8327
8335
8337
8338
8339
8341
8347
8349
8352
8357
8358
8359
8360
8361
8363
8364
8365
8367
8368
8373
8374
357
0
1
2
3
4
5
6
7
8
9
10
11
12
13
14
16
17
18
19
20
22
24
25
26
27
28
29
30
31
32
33
34
35
36
38
39
40
43
44
45
46
47
48
51
53
55
56
57
58
59
60
61
62
63
64
65
66
67
69
70
71
72
76
77
78
79
80
81
82
83
84
85
86
87
88
89
90
91
93
94
95
96
99
100
101
102
103
104
105
106
107
108
109
110
111
112
113
114
115
116
117
120
121
122
123
124
125
126
127
128
129
130
131
132
133
134
135
136
138
140
141
142
143
144
145
146
147
148
149
150
151
152
153
154
155
156
157
159
160
161
162
164
165
166
167
168
169
170
171
172
173
174
175
176
177
178
179
180
182
183
184
186
188
189
190
191
192
193
194
195
196
197
198
199
200
201
202
203
204
205
207
208
209
211
212
213
215
216
217
218
219
220
221
222
223
224
225
226
227
228
229
230
232
233
234
237
238
239
241
242
244
246
247
248
249
250
251
252
253
254
255
256
257
258
259
260
261
262
263
264
265
266
267
268
269
270
271
272
273
274
275
276
277
278
279
280
281
282
286
287
288
289
290
292
293
294
295
296
297
298
299
300
301
302
303
304
305
306
309
310
311
312
313
314
316
317
319
320
321
322
324
325
326
327
328
329
330
332
333
334
335
336
338
340
341
342
343
344
345
346
347
348
349
350
351
353
354
355
358
359
360
361
362
363
365
366
367
368
369
370
371
372
373
374
375
376
377
378
379
380
381
382
383
384
386
387
388
389
390
391
393
394
395
396
397
398
399
400
401
402
403
404
405
406
407
408
412
