3064
7
8
18
23
24
26
28
29
31
36
41
43
45
46
47
51
52
53
56
57
58
59
61
63
64
66
71
73
74
75
77
80
81
82
83
87
88
89
90
96
100
108
111
112
114
115
116
118
119
120
122
124
126
128
131
132
142
144
145
148
151
154
155
156
159
160
161
166
169
172
173
178
182
184
189
193
195
198
199
201
204
206
211
219
220
222
224
226
227
228
234
235
240
242
243
245
248
254
256
257
258
260
261
264
265
266
270
271
272
282
285
288
290
297
298
300
302
303
306
311
316
319
320
322
323
331
333
334
338
340
345
349
350
351
353
356
357
359
362
366
368
370
372
375
377
379
380
383
384
386
388
393
394
395
398
399
400
402
405
409
410
411
413
416
417
418
419
421
422
423
430
431
432
433
436
437
439
441
445
446
447
449
451
453
454
456
457
458
459
460
462
465
468
470
473
475
479
480
481
482
486
487
488
490
492
494
498
500
503
507
509
511
513
529
534
535
537
540
548
549
550
552
553
557
558
562
565
568
573
576
577
581
583
584
585
586
588
589
595
598
600
601
602
603
611
612
613
616
617
620
626
628
630
631
632
633
636
638
639
640
645
646
648
651
652
653
657
658
660
661
664
666
668
671
672
674
675
679
686
688
689
691
693
697
704
706
707
708
709
715
717
720
725
727
731
732
733
740
741
743
744
745
746
748
749
750
752
758
759
760
761
762
763
766
768
770
774
775
778
780
782
783
785
788
789
791
796
798
799
800
802
804
814
819
823
824
825
833
839
840
841
843
850
851
856
857
858
861
862
868
869
871
873
877
878
885
893
894
895
898
899
902
904
905
906
910
911
912
916
918
920
921
923
926
934
935
936
938
942
943
945
948
950
957
958
964
965
967
970
971
972
976
979
983
984
987
990
993
998
1001
1016
1019
1021
1024
1030
1033
1035
1036
1037
1039
1040
1045
1046
1048
1049
1052
1053
1055
1056
1057
1059
1063
1065
1066
1067
1071
1072
1075
1077
1082
1084
1085
1088
1092
1095
1099
1100
1101
1102
1105
1106
1107
1109
1110
1111
1112
1113
1115
1116
1118
1119
1120
1122
1127
1129
1131
1133
1134
1135
1137
1139
1143
1146
1147
1154
1159
1161
1164
1166
1168
1169
1170
1175
1178
1179
1181
1182
1187
1189
1190
1198
1199
1200
1201
1202
1203
1204
1206
1208
1210
1211
1212
1213
1216
1217
1220
1222
1224
1225
1229
1235
1236
1238
1240
1243
1244
1245
1247
1248
1251
1258
1259
1260
1261
1263
1271
1273
1275
1277
1278
1280
1281
1284
1285
1288
1289
1291
1298
1301
1303
1304
1306
1307
1308
1312
1313
1316
1317
1318
1320
1321
1322
1330
1332
1334
1336
1340
1341
1343
1348
1349
1351
1352
1356
1358
1359
1360
1364
1367
1369
1373
1378
1380
1382
1383
1390
1391
1393
1394
1396
1398
1399
1400
1403
1407
1409
1410
1413
1414
1421
1422
1423
1425
1426
1427
1428
1429
1430
1436
1439
1442
1445
1446
1448
1449
1451
1456
1458
1459
1460
1463
1465
1469
1472
1475
1479
1480
1481
1483
1486
1488
1489
1490
1491
1492
1496
1498
1501
1503
1508
1509
1512
1513
1515
1516
1519
1521
1524
1532
1533
1538
1539
1540
1544
1545
1546
1551
1555
1561
1567
1572
1573
1575
1576
1578
1579
1580
1581
1584
1585
1596
1600
1601
1607
1608
1611
1614
1618
1622
1623
1629
1632
1633
1635
1636
1637
1639
1643
1644
1647
1650
1655
1659
1663
1664
1665
1666
1669
1672
1674
1676
1678
1679
1680
1682
1683
1685
1687
1695
1698
1699
1701
1702
1703
1704
1705
1706
1707
1708
1713
1714
1715
1716
1718
1720
1721
1724
1725
1726
1727
1728
1729
1730
1733
1734
1736
1737
1738
1739
1743
1744
1746
1747
1748
1751
1752
1754
1757
1761
1763
1764
1767
1769
1772
1773
1778
1780
1783
1784
1785
1790
1792
1793
1796
1797
1798
1799
1800
1802
1804
1808
1811
1813
1814
1820
1821
1823
1825
1833
1834
1837
1842
1843
1847
1851
1853
1855
1856
1858
1859
1860
1861
1864
1865
1866
1869
1870
1871
1874
1881
1888
1889
1892
1893
1897
1901
1902
1904
1906
1908
1909
1913
1915
1916
1918
1921
1922
1926
1928
1929
1931
1933
1936
1938
1947
1950
1951
1953
1955
1961
1963
1964
1966
1967
1971
1972
1973
1975
1976
1977
1980
1981
1982
1983
1984
1985
1987
1989
1992
1999
2000
2005
2008
2009
2014
2015
2017
2019
2023
2024
2027
2028
2030
2035
2036
2044
2046
2049
2050
2051
2052
2053
2056
2057
2063
2064
2069
2071
2074
2076
2077
2081
2087
2088
2095
2098
2099
2102
2103
2105
2110
2111
2112
2113
2116
2117
2118
2119
2120
2126
2130
2132
2134
2135
2144
2148
2150
2151
2152
2154
2156
2157
2158
2160
2165
2166
2168
2172
2175
2176
2177
2181
2183
2184
2185
2187
2188
2193
2202
2206
2207
2209
2212
2214
2217
2218
2219
2220
2225
2227
2231
2236
2238
2240
2245
2246
2248
2252
2253
2254
2256
2263
2264
2267
2273
2276
2277
2278
2279
2280
2281
2284
2285
2286
2291
2293
2297
2298
2299
2303
2304
2306
2308
2309
2310
2311
2313
2317
2318
2324
2326
2328
2334
2337
2338
2344
2350
2351
2353
2354
2355
2360
2361
2362
2363
2367
2368
2372
2379
2382
2383
2386
2388
2389
2390
2392
2393
2394
2396
2397
2398
2403
2406
2407
2408
2412
2413
2415
2418
2419
2423
2424
2425
2427
2428
2429
2432
2434
2435
2437
2443
2444
2449
2451
2455
2464
2465
2467
2469
2475
2476
2479
2480
2481
2484
2487
2489
2493
2496
2497
2499
2506
2507
2508
2511
2514
2515
2516
2518
2520
2521
2522
2524
2529
2530
2534
2536
2539
2544
2545
2546
2547
2548
2551
2553
2555
2560
2562
2564
2569
2570
2572
2574
2575
2578
2582
2586
2587
2588
2589
2591
2594
2599
2602
2603
2605
2612
2613
2616
2619
2625
2628
2630
2631
2632
2633
2639
2641
2643
2649
2650
2651
2654
2656
2657
2658
2663
2668
2671
2677
2679
2680
2682
2685
2687
2689
2694
2695
2697
2700
2702
2705
2707
2710
2711
2712
2713
2715
2718
2724
2726
2733
2735
2738
2739
2743
2744
2745
2747
2748
2749
2751
2752
2753
2755
2756
2757
2758
2760
2762
2766
2769
2774
2776
2777
2779
2781
2786
2790
2792
2793
2795
2796
2798
2802
2804
2806
2807
2809
2810
2811
2812
2813
2816
2818
2824
2825
2828
2829
2830
2833
2837
2840
2848
2854
2855
2862
2863
2866
2868
2876
2877
2879
2881
2884
2886
2888
2889
2894
2897
2898
2899
2901
2903
2906
2908
2909
2910
2911
2912
2914
2916
2920
2925
2928
2931
2933
2935
2937
2939
2941
2943
2945
2946
2949
2951
2954
2957
2961
2963
2966
2969
2977
2982
2985
2990
2991
3002
3004
3005
3008
3010
3012
3015
3016
3017
3020
3029
3030
3031
3032
3034
3042
3045
3050
3053
3056
3057
3059
3061
3062
3065
3067
3068
3072
3073
3075
3079
3080
3084
3089
3090
3091
3092
3094
3095
3098
3104
3105
3106
3108
3111
3112
3114
3115
3117
3120
3123
3124
3125
3126
3130
3136
3137
3140
3143
3154
3155
3160
3161
3166
3169
3171
3174
3179
3184
3186
3187
3188
3189
3190
3192
3195
3196
3197
3199
3201
3211
3213
3215
3219
3221
3224
3227
3228
3233
3235
3237
3239
3240
3241
3245
3248
3250
3251
3252
3254
3264
3268
3269
3270
3271
3274
3275
3276
3277
3278
3280
3281
3282
3286
3287
3288
3293
3296
3297
3300
3303
3309
3312
3314
3315
3318
3319
3321
3325
3327
3335
3337
3339
3340
3341
3343
3344
3348
3349
3352
3353
3355
3362
3364
3365
3366
3368
3370
3371
3373
3375
3376
3377
3378
3382
3385
3386
3387
3390
3392
3393
3397
3401
3402
3403
3408
3409
3410
3411
3416
3419
3420
3424
3427
3429
3430
3432
3435
3437
3444
3448
3450
3451
3457
3465
3467
3468
3471
3474
3475
3478
3481
3482
3483
3486
3488
3490
3491
3492
3493
3494
3495
3500
3502
3503
3505
3512
3515
3518
3521
3524
3528
3529
3530
3532
3533
3534
3540
3542
3543
3544
3546
3547
3549
3550
3551
3555
3557
3566
3567
3572
3575
3576
3577
3582
3583
3584
3586
3587
3588
3589
3590
3598
3603
3606
3607
3615
3617
3619
3620
3621
3622
3625
3626
3628
3629
3630
3634
3635
3638
3642
3644
3648
3651
3653
3655
3660
3662
3665
3667
3668
3669
3672
3673
3675
3676
3678
3679
3680
3684
3686
3692
3694
3700
3703
3707
3708
3709
3712
3714
3715
3717
3719
3720
3721
3724
3726
3728
3730
3734
3735
3737
3739
3743
3744
3748
3750
3753
3754
3755
3761
3764
3765
3768
3770
3772
3775
3778
3780
3783
3785
3786
3787
3788
3790
3791
3792
3795
3798
3799
3803
3804
3805
3808
3810
3811
3814
3821
3825
3826
3831
3832
3833
3837
3839
3842
3844
3850
3851
3856
3859
3863
3864
3867
3868
3872
3880
3884
3887
3888
3890
3892
3893
3894
3895
3896
3898
3900
3901
3911
3913
3914
3915
3916
3919
3920
3921
3923
3925
3928
3930
3933
3938
3939
3941
3942
3943
3946
3947
3950
3952
3953
3956
3959
3961
3962
3963
3966
3968
3970
3972
3973
3975
3978
3980
3982
3984
3985
3990
3991
3993
3998
3999
4005
4006
4007
4009
4012
4014
4015
4017
4019
4020
4021
4022
4024
4026
4027
4031
4033
4035
4037
4042
4044
4046
4048
4051
4052
4054
4056
4065
4066
4068
4069
4070
4075
4085
4087
4088
4090
4093
4096
4097
4098
4101
4102
4103
4104
4106
4110
4111
4114
4115
4116
4121
4122
4124
4129
4130
4134
4140
4142
4149
4150
4151
4154
4155
4157
4159
4162
4166
4168
4172
4174
4175
4178
4181
4186
4188
4189
4191
4192
4198
4200
4203
4206
4207
4208
4209
4210
4211
4212
4213
4214
4219
4220
4221
4222
4223
4224
4227
4228
4229
4230
4231
4235
4236
4238
4244
4249
4251
4254
4257
4259
4260
4261
4267
4269
4270
4276
4280
4281
4283
4286
4287
4288
4289
4291
4292
4298
4300
4301
4302
4303
4307
4308
4309
4311
4312
4314
4318
4319
4321
4323
4324
4325
4326
4327
4328
4330
4333
4335
4337
4341
4343
4346
4350
4351
4352
4356
4357
4363
4365
4366
4367
4369
4373
4378
4379
4382
4383
4389
4390
4392
4394
4396
4398
4400
4402
4405
4407
4410
4416
4418
4421
4423
4424
4426
4427
4428
4430
4433
4434
4436
4437
4438
4442
4445
4450
4452
4456
4457
4460
4466
4467
4472
4475
4476
4478
4479
4481
4483
4484
4491
4497
4498
4499
4500
4504
4505
4509
4511
4512
4513
4515
4516
4519
4520
4521
4523
4524
4525
4534
4536
4538
4539
4542
4545
4546
4553
4554
4555
4557
4558
4560
4565
4566
4569
4570
4571
4572
4574
4576
4581
4583
4585
4586
4587
4589
4598
4599
4601
4606
4607
4609
4612
4614
4618
4620
4621
4625
4627
4628
4631
4632
4636
4638
4641
4644
4646
4647
4648
4649
4651
4652
4653
4654
4655
4663
4664
4668
4669
4674
4676
4678
4679
4684
4688
4691
4696
4697
4698
4699
4700
4701
4705
4707
4708
4712
4713
4716
4718
4721
4724
4726
4728
4731
4736
4737
4738
4740
4745
4748
4751
4752
4753
4756
4757
4763
4764
4766
4769
4770
4771
4773
4775
4779
4781
4783
4784
4785
4786
4787
4789
4790
4791
4794
4795
4797
4800
4802
4805
4806
4809
4813
4815
4819
4820
4827
4829
4830
4834
4835
4839
4840
4847
4849
4852
4853
4855
4856
4857
4858
4863
4864
4866
4867
4868
4869
4875
4878
4881
4888
4890
4894
4895
4897
4899
4901
4902
4903
4905
4907
4912
4915
4918
4919
4920
4921
4923
4927
4928
4931
4936
4937
4938
4939
4940
4943
4948
4949
4954
4958
4959
4960
4962
4967
4968
4969
4971
4973
4974
4975
4976
4978
4982
4983
4985
4988
4994
4995
4997
5000
5001
5003
5005
5007
5009
5010
5011
5012
5015
5021
5022
5023
5028
5029
5030
5035
5036
5042
5044
5049
5052
5056
5057
5062
5063
5069
5072
5076
5077
5081
5084
5085
5086
5091
5094
5095
5096
5100
5101
5102
5103
5111
5112
5113
5114
5115
5116
5118
5123
5125
5126
5127
5128
5129
5130
5133
5134
5139
5142
5143
5150
5151
5155
5156
5157
5161
5162
5163
5169
5171
5173
5174
5178
5179
5181
5184
5186
5191
5192
5193
5195
5196
5197
5198
5199
5200
5202
5214
5218
5219
5222
5224
5225
5227
5228
5229
5230
5234
5235
5236
5237
5239
5240
5243
5245
5246
5247
5248
5251
5253
5254
5255
5263
5265
5266
5270
5275
5278
5280
5281
5282
5285
5288
5290
5292
5293
5294
5302
5303
5304
5305
5308
5314
5315
5317
5321
5323
5325
5327
5330
5331
5332
5337
5344
5345
5349
5350
5358
5360
5361
5364
5365
5367
5369
5371
5372
5375
5377
5379
5380
5389
5392
5396
5399
5400
5402
5406
5407
5409
5413
5420
5421
5422
5424
5426
5427
5429
5430
5436
5437
5440
5444
5447
5449
5451
5455
5457
5458
5459
5460
5461
5466
5468
5469
5470
5478
5481
5482
5484
5485
5486
5487
5489
5490
5495
5500
5501
5502
5504
5507
5511
5514
5515
5519
5520
5521
5523
5525
5532
5533
5534
5540
5542
5543
5544
5549
5550
5551
5552
5553
5554
5555
5558
5559
5561
5562
5564
5567
5568
5569
5570
5572
5575
5578
5581
5582
5585
5586
5587
5588
5589
5593
5596
5597
5598
5600
5601
5602
5607
5609
5612
5614
5615
5619
5625
5631
5633
5635
5636
5641
5643
5646
5648
5650
5653
5655
5656
5659
5660
5664
5665
5667
5668
5669
5672
5673
5674
5680
5681
5684
5687
5688
5690
5692
5693
5694
5695
5696
5699
5701
5702
5704
5708
5711
5713
5715
5718
5721
5724
5725
5726
5727
5733
5738
5740
5741
5748
5750
5756
5760
5761
5762
5763
5766
5767
5770
5771
5772
5775
5776
5777
5781
5783
5785
5787
5788
5794
5805
5807
5808
5809
5810
5812
5816
5818
5819
5824
5825
5827
5828
5831
5832
5836
5838
5839
5843
5844
5852
5854
5855
5858
5859
5860
5861
5863
5866
5869
5873
5874
5882
5884
5885
5886
5888
5891
5892
5901
5902
5903
5904
5906
5909
5910
5915
5916
5918
5922
5924
5925
5926
5927
5928
5930
5931
5937
5941
5944
5945
5948
5949
5957
5959
5963
5965
5968
5970
5974
5976
5979
5982
5985
5986
5988
5990
5992
5993
5994
5997
5998
5999
6000
6001
6003
6004
6005
6010
6011
6012
6015
6016
6018
6021
6024
6027
6028
6030
6032
6033
6034
6036
6038
6040
6046
6047
6050
6051
6052
6055
6056
6061
6063
6064
6067
6068
6073
6074
6075
6076
6081
6083
6084
6087
6088
6091
6094
6096
6098
6100
6101
6104
6111
6112
6115
6120
6122
6123
6124
6128
6131
6133
6136
6140
6141
6152
6154
6155
6157
6161
6162
6163
6164
6169
6173
6174
6176
6180
6184
6187
6190
6191
6193
6195
6198
6200
6201
6204
6205
6208
6209
6210
6215
6216
6218
6221
6224
6225
6226
6228
6230
6231
6240
6244
6245
6246
6249
6251
6253
6254
6255
6256
6257
6258
6259
6261
6263
6265
6266
6270
6272
6275
6277
6278
6282
6284
6286
6287
6290
6291
6294
6295
6296
6297
6303
6304
6306
6308
6309
6310
6311
6313
6324
6328
6329
6330
6331
6334
6335
6337
6343
6348
6349
6350
6351
6352
6354
6357
6360
6363
6367
6368
6369
6371
6372
6375
6376
6381
6382
6384
6385
6393
6394
6396
6398
6401
6404
6406
6407
6420
6422
6424
6430
6431
6433
6434
6437
6438
6439
6440
6441
6443
6444
6448
6453
6456
6458
6459
6461
6462
6463
6464
6466
6467
6468
6471
6473
6474
6476
6484
6485
6487
6488
6491
6493
6496
6497
6503
6508
6513
6517
6521
6523
6524
6527
6530
6533
6536
6539
6544
6546
6548
6552
6557
6561
6562
6568
6569
6570
6576
6577
6578
6580
6581
6582
6586
6588
6595
6597
6599
6601
6602
6603
6606
6609
6613
6614
6619
6621
6623
6624
6626
6628
6629
6635
6636
6637
6638
6639
6642
6643
6645
6646
6647
6648
6649
6650
6652
6654
6655
6658
6662
6663
6666
6667
6668
6671
6672
6678
6681
6683
6687
6688
6689
6691
6693
6702
6706
6707
6708
6709
6711
6715
6716
6718
6722
6723
6725
6730
6738
6741
6742
6748
6750
6756
6759
6760
6762
6766
6772
6773
6774
6775
6776
6779
6780
6781
6787
6791
6792
6793
6799
6802
6803
6808
6811
6812
6815
6818
6825
6826
6829
6833
6836
6837
6840
6841
6843
6848
6849
6852
6855
6859
6861
6862
6864
6865
6868
6869
6870
6872
6874
6875
6878
6880
6882
6884
6885
6886
6889
6890
6891
6892
6893
6894
6895
6896
6900
6908
6911
6912
6914
6915
6920
6921
6926
6927
6928
6929
6931
6932
6933
6934
6935
6939
6940
6941
6945
6948
6949
6950
6953
6954
6955
6962
6964
6965
6967
6969
6973
6974
6976
6978
6981
6982
6984
6985
6986
6988
6989
6990
6992
6997
6998
7001
7002
7003
7005
7007
7009
7012
7015
7017
7018
7020
7023
7027
7029
7030
7032
7036
7042
7045
7046
7049
7051
7054
7055
7057
7058
7059
7060
7063
7064
7069
7071
7073
7075
7077
7080
7081
7082
7087
7089
7090
7091
7093
7100
7105
7109
7111
7112
7113
7114
7115
7119
7120
7121
7122
7124
7127
7128
7129
7130
7132
7133
7136
7137
7138
7140
7141
7142
7145
7148
7149
7152
7153
7154
7157
7159
7164
7165
7168
7169
7171
7176
7179
7182
7183
7185
7187
7188
7190
7191
7194
7196
7198
7203
7204
7208
7210
7211
7215
7219
7220
7221
7222
7225
7228
7232
7233
7234
7239
7242
7243
7245
7246
7247
7251
7254
7256
7257
7259
7261
7263
7264
7265
7268
7270
7272
7273
7284
7287
7298
7307
7309
7310
7311
7312
7313
7314
7317
7318
7319
7323
7327
7333
7337
7342
7344
7350
7358
7360
7362
7364
7366
335
0
1
2
3
4
5
7
8
9
10
12
13
14
16
17
18
19
20
24
25
26
27
28
29
30
31
32
33
34
37
38
39
41
42
43
44
45
46
50
51
52
53
54
55
56
57
58
59
60
61
62
63
64
66
67
68
69
72
74
75
78
79
80
81
82
83
84
85
86
87
88
89
90
91
92
94
95
96
97
98
100
101
102
103
104
105
106
107
108
110
111
114
115
116
117
118
120
121
122
123
124
125
126
128
129
130
132
133
134
135
136
137
138
139
140
141
142
143
144
145
146
147
148
149
150
151
153
154
155
156
157
158
159
160
161
162
163
164
165
166
167
168
169
170
171
172
173
174
176
177
178
180
181
182
185
186
188
189
190
191
192
193
194
195
196
197
198
199
200
201
202
205
206
207
209
210
211
212
213
214
215
216
217
218
219
220
221
223
225
226
227
229
230
232
233
234
235
236
237
238
239
240
241
242
243
244
245
246
247
249
251
253
254
257
258
259
260
261
262
263
265
267
268
269
270
273
276
278
279
280
281
282
283
284
285
286
287
288
289
290
291
292
293
295
296
297
299
300
301
302
303
305
306
308
309
310
311
312
313
314
315
316
317
318
320
321
323
324
325
326
327
328
329
330
331
332
333
334
335
336
337
338
339
340
341
342
344
346
347
348
349
350
351
353
354
355
356
357
358
359
360
361
362
363
364
365
366
367
368
369
370
371
372
376
377
378
379
380
381
382
384
385
386
387
388
389
390
391
392
393
394
395
396
397
401
