173
1
7
10
12
13
19
21
23
28
31
32
34
39
41
42
43
44
48
49
52
54
56
60
61
65
66
69
71
72
73
80
83
87
88
89
91
94
95
96
101
102
104
108
109
110
112
125
127
130
134
135
136
142
143
144
145
146
150
153
156
157
159
161
163
166
169
175
179
181
183
186
188
189
190
191
192
196
197
198
201
205
208
209
216
217
220
223
224
226
227
228
229
233
234
237
238
239
241
242
245
246
248
250
251
252
253
258
259
263
265
266
267
268
281
284
285
286
288
290
291
293
294
296
299
300
301
302
303
304
305
307
309
312
315
316
317
318
319
322
327
329
332
335
337
338
340
343
346
347
353
355
357
358
361
362
370
373
378
382
383
387
391
392
394
395
397
400
405
406
409
412
413
415
43
1
2
6
7
8
11
13
14
17
18
19
20
21
24
26
27
28
32
34
38
39
40
41
44
45
48
49
50
53
55
58
61
62
63
68
70
71
73
75
78
79
80
82
