840
0
1
3
7
11
16
18
19
20
22
23
27
31
35
36
37
42
45
48
52
54
55
58
66
71
73
79
80
82
84
86
87
89
94
101
106
108
109
113
116
118
120
126
127
128
129
130
131
133
135
136
138
139
144
145
152
156
161
164
165
171
175
178
179
183
184
185
187
188
190
194
195
197
203
205
209
212
214
215
216
218
219
220
225
226
228
230
235
236
241
243
244
245
250
256
260
264
265
269
272
274
276
277
281
282
283
284
285
288
289
296
300
303
311
312
314
320
323
327
330
331
333
339
341
350
351
352
353
354
356
359
360
361
371
372
377
379
382
384
386
387
388
389
391
392
396
397
401
403
406
408
409
411
413
416
419
421
423
425
427
429
432
435
439
448
449
452
453
455
457
459
466
468
473
477
478
481
483
487
489
492
499
503
505
508
516
518
519
521
522
523
528
529
530
533
534
537
538
541
543
550
560
567
568
569
574
575
576
579
580
586
587
591
593
594
595
597
600
601
604
606
607
609
616
622
623
628
629
633
635
639
640
646
651
653
659
661
663
666
667
669
673
675
678
680
681
684
686
687
689
697
698
699
705
709
713
715
717
719
721
722
730
731
732
734
738
739
740
741
752
755
758
761
764
766
767
769
772
773
776
777
779
784
786
790
794
797
798
800
803
804
806
807
814
815
817
818
820
823
825
827
829
832
833
836
837
841
843
848
850
851
853
860
874
876
877
881
883
886
890
891
894
895
898
899
900
904
905
906
907
911
912
917
919
920
924
928
931
935
936
949
951
955
956
957
960
961
962
964
965
967
974
980
982
983
984
987
989
991
996
998
999
1001
1011
1012
1019
1021
1028
1029
1030
1032
1034
1039
1044
1050
1051
1055
1059
1062
1064
1066
1070
1071
1072
1077
1079
1080
1081
1082
1086
1087
1088
1090
1091
1094
1096
1099
1100
1101
1103
1106
1109
1110
1113
1117
1121
1124
1132
1134
1135
1138
1142
1145
1157
1160
1161
1164
1165
1166
1169
1170
1172
1173
1175
1177
1178
1179
1182
1185
1189
1192
1195
1196
1201
1205
1209
1212
1216
1218
1219
1221
1227
1234
1241
1242
1243
1245
1246
1247
1248
1251
1253
1255
1257
1259
1264
1268
1271
1272
1276
1277
1278
1279
1284
1285
1291
1292
1293
1296
1297
1300
1302
1306
1310
1311
1315
1316
1317
1319
1320
1321
1322
1324
1332
1338
1343
1344
1345
1346
1348
1349
1352
1353
1360
1366
1371
1374
1381
1387
1388
1389
1391
1392
1393
1395
1400
1401
1402
1407
1408
1409
1411
1413
1415
1416
1417
1425
1427
1433
1434
1436
1437
1440
1443
1444
1445
1447
1451
1452
1453
1454
1456
1460
1463
1465
1466
1469
1473
1474
1475
1476
1480
1481
1484
1488
1490
1497
1498
1502
1504
1513
1515
1516
1517
1520
1521
1523
1524
1526
1527
1528
1534
1535
1538
1543
1544
1546
1548
1552
1556
1559
1563
1570
1571
1572
1577
1581
1584
1586
1597
1598
1603
1606
1609
1610
1612
1613
1617
1619
1624
1630
1632
1633
1634
1636
1645
1648
1654
1656
1657
1659
1660
1663
1667
1671
1674
1676
1681
1682
1684
1689
1690
1691
1696
1698
1702
1706
1707
1708
1710
1711
1717
1720
1724
1725
1726
1727
1731
1733
1736
1737
1742
1749
1751
1752
1755
1756
1758
1765
1766
1767
1770
1771
1776
1777
1779
1786
1789
1792
1794
1796
1797
1798
1799
1801
1806
1807
1810
1811
1813
1814
1817
1818
1819
1820
1821
1822
1823
1826
1828
1829
1830
1836
1838
1844
1846
1850
1858
1859
1860
1862
1868
1869
1871
1872
1873
1876
1878
1879
1885
1886
1887
1891
1894
1899
1900
1902
1903
1904
1905
1909
1911
1912
1916
1923
1924
1930
1936
1937
1938
1939
1942
1944
1945
1946
1947
1950
1951
1952
1953
1964
1966
1968
1969
1970
1972
1977
1978
1979
1984
1986
1987
1990
1991
1992
1993
1995
2008
2010
2011
2017
2019
2021
2023
2026
2033
2035
2038
2040
2044
2047
2049
2053
2054
2055
2056
2057
2059
2060
2061
2062
2063
2064
2065
2070
2073
2074
2078
2080
2083
2084
2089
2093
2094
2098
2104
2105
2107
2108
2109
2111
2112
2113
2114
2116
2118
2119
2122
2123
2125
2128
2133
2135
2137
2138
2139
2140
2141
2142
2144
2146
2147
2150
2155
2156
2158
2159
2165
2166
2167
2168
2171
2173
2175
2180
2183
2192
2203
2204
2205
2206
2209
2212
2215
2216
2224
2225
2227
2228
2229
2231
2234
2235
2236
2237
2238
2240
2249
2253
2254
96
0
4
5
6
7
8
9
11
12
13
15
16
17
18
19
20
22
23
24
25
26
27
28
29
30
31
35
36
37
38
40
41
42
45
46
47
48
50
51
52
53
55
57
58
60
61
62
63
64
66
68
69
70
71
72
73
77
78
79
80
81
82
83
84
87
89
91
92
93
96
98
99
100
101
102
103
104
105
106
110
111
113
115
118
120
121
123
124
125
126
127
128
129
131
132
133
