601
0
1
2
3
5
6
9
14
18
20
21
22
27
30
31
33
36
37
41
44
45
46
48
55
56
59
60
64
65
69
71
72
74
79
80
84
88
98
99
100
101
102
108
115
123
124
125
130
137
141
145
153
154
157
158
160
162
167
171
172
173
175
176
177
178
181
182
183
185
189
192
197
201
202
203
205
211
212
213
214
215
216
217
220
221
223
229
230
232
234
237
239
244
252
257
264
265
270
274
275
276
277
278
283
287
292
294
295
297
298
304
306
307
310
312
327
328
333
337
338
340
343
348
349
350
354
355
358
360
361
362
370
371
373
377
378
382
383
388
394
398
400
401
408
409
410
412
414
416
421
425
431
432
433
436
437
438
440
447
448
451
452
453
456
457
458
461
465
467
468
470
471
472
474
479
482
483
485
486
489
495
497
500
503
504
505
507
508
509
511
512
517
518
519
520
521
522
523
524
525
526
528
531
534
540
541
542
545
547
548
549
551
553
555
556
557
558
559
564
565
566
573
574
575
576
577
578
580
583
586
593
596
599
601
602
604
605
606
607
608
611
616
617
622
623
626
630
632
641
648
655
659
661
668
669
671
674
675
678
680
682
683
686
687
692
697
698
699
702
703
705
708
709
713
722
723
724
728
733
735
746
747
749
750
751
755
760
761
762
767
768
770
774
775
776
781
784
787
789
793
795
800
803
804
808
809
811
812
816
817
823
824
826
827
828
837
840
841
842
843
844
851
852
853
855
856
857
863
864
865
867
872
877
878
881
882
884
885
886
890
891
898
899
902
904
906
908
913
920
922
924
926
927
928
929
934
938
939
942
943
944
946
947
954
955
957
960
964
965
966
970
971
975
981
986
987
993
997
999
1000
1003
1009
1013
1014
1015
1019
1020
1023
1025
1028
1030
1037
1042
1043
1050
1054
1058
1061
1062
1063
1064
1070
1077
1079
1082
1083
1085
1086
1087
1090
1091
1094
1095
1097
1098
1101
1102
1103
1109
1113
1114
1115
1121
1123
1124
1128
1131
1135
1139
1141
1153
1155
1156
1157
1160
1161
1164
1166
1168
1169
1172
1175
1176
1178
1179
1187
1188
1189
1202
1207
1208
1210
1222
1226
1227
1229
1235
1236
1239
1243
1248
1253
1256
1257
1260
1262
1266
1267
1268
1269
1272
1282
1283
1286
1289
1298
1300
1302
1310
1311
1312
1314
1318
1322
1323
1324
1327
1334
1335
1337
1338
1340
1341
1343
1347
1348
1349
1351
1352
1353
1359
1360
1361
1362
1376
1377
1378
1380
1381
1382
1387
1390
1391
1394
1398
1399
1401
1405
1410
1415
1418
1420
1421
1429
1432
1440
1441
1446
1447
1451
1452
1453
1455
1457
1458
1459
1462
1463
1466
1469
1472
1474
1475
1476
1478
1479
1482
1483
1485
1486
1488
1490
1492
1493
1494
1496
1497
1498
1499
1503
1506
1507
1508
1510
1511
1512
1515
1516
1518
1521
1525
1531
1533
1534
1535
1537
1542
1547
1548
1552
1555
1557
1559
1561
1562
1563
1568
1570
1572
1577
1578
1579
1581
1582
1583
1586
1588
1591
1593
1595
1597
285
0
1
2
3
4
6
7
8
9
10
12
13
16
17
18
19
20
21
23
25
26
27
28
30
31
32
33
34
36
37
38
39
40
41
44
45
46
47
48
50
51
53
54
55
56
58
59
62
63
64
65
66
68
70
71
72
73
77
78
79
80
81
82
84
85
86
87
88
92
93
95
96
99
100
101
102
103
105
109
110
111
112
113
114
115
116
118
119
120
121
124
125
126
127
128
129
131
132
134
137
138
141
142
143
144
145
146
147
148
149
150
153
154
155
156
157
158
159
160
161
163
164
167
168
169
170
171
172
173
174
175
176
177
178
182
184
185
186
187
188
189
190
191
192
193
196
197
198
199
201
202
203
205
206
207
210
211
212
213
214
215
216
217
218
219
224
225
226
227
228
229
232
233
234
237
238
239
240
241
242
244
245
246
247
248
252
253
255
256
257
258
259
260
261
265
266
267
268
269
270
271
272
273
274
275
276
277
278
279
280
281
282
283
284
286
287
288
289
291
292
293
294
295
296
297
298
299
300
301
302
303
305
308
309
311
312
313
315
316
317
318
319
321
322
323
324
325
326
327
331
332
333
334
337
338
339
340
341
343
344
345
346
349
350
351
354
355
356
357
359
360
361
362
363
364
365
366
369
370
372
373
374
378
379
381
