587
0
5
7
14
15
16
17
19
21
25
26
29
31
32
33
34
36
37
38
44
45
46
48
49
50
52
53
55
56
57
59
61
62
63
64
65
68
70
71
74
75
77
79
80
82
83
84
85
86
88
89
90
93
96
97
98
99
101
105
108
110
112
115
117
118
120
122
124
130
133
135
137
140
142
143
144
147
149
150
158
159
162
167
169
171
174
175
177
179
181
182
183
187
188
189
192
193
195
199
200
201
202
203
204
205
206
209
212
215
217
218
219
220
222
225
227
229
234
237
238
239
240
241
242
245
246
248
252
254
255
257
261
262
263
264
266
267
272
273
274
275
276
278
280
281
282
284
288
289
290
291
293
294
296
298
299
300
301
302
303
305
308
310
312
314
315
316
317
318
319
321
322
323
325
326
327
328
329
330
331
335
337
338
339
340
343
346
347
350
351
353
355
358
359
360
361
362
364
367
368
370
371
373
374
375
376
381
383
384
385
386
387
388
390
392
398
400
403
404
405
406
407
408
410
411
412
413
414
417
418
419
420
424
427
428
429
431
433
434
435
438
439
440
441
443
444
446
447
448
450
452
453
454
455
456
457
460
461
462
463
465
468
469
471
472
473
474
476
477
478
479
480
485
486
488
490
494
497
500
502
503
505
508
511
512
513
514
519
521
522
523
524
525
527
529
531
532
533
534
535
537
538
539
540
541
545
547
548
549
550
551
552
553
556
557
564
565
566
569
571
574
575
576
577
578
579
580
581
583
585
586
587
588
589
592
593
594
597
598
599
600
603
604
607
608
610
612
613
615
616
617
618
620
622
623
624
625
626
627
628
629
631
632
633
634
635
637
638
639
640
642
644
645
646
647
648
649
653
658
661
662
663
664
668
669
670
672
677
680
683
684
685
686
688
691
692
693
695
696
697
698
699
700
701
702
705
708
711
713
715
717
718
719
720
721
722
723
726
729
730
733
734
737
738
739
742
744
745
748
749
750
753
754
756
757
759
760
761
762
764
765
766
767
769
772
774
775
783
785
786
787
788
789
790
791
792
794
795
797
798
799
800
806
807
809
812
814
817
820
821
825
828
829
831
832
834
835
838
839
842
844
845
850
851
852
854
855
857
860
861
862
863
864
865
866
867
871
872
873
877
878
879
881
882
883
886
887
890
891
895
896
898
899
902
904
905
907
908
909
910
912
914
916
918
919
922
924
928
929
930
932
933
935
937
938
940
941
942
946
947
948
949
950
953
954
956
957
958
960
961
962
965
967
969
970
971
973
974
977
978
979
980
983
984
986
989
992
995
997
1000
1001
1002
1003
1004
1006
1007
1010
1012
1013
1014
1015
1016
1018
1019
1022
1023
1027
288
0
1
2
4
6
7
8
9
10
11
13
14
16
17
18
19
20
21
22
23
25
26
28
30
31
32
33
35
36
37
39
40
41
45
46
47
48
50
51
52
53
54
55
56
58
59
62
63
64
66
68
69
71
73
75
76
77
78
79
80
82
83
84
85
90
91
92
93
94
95
96
97
98
99
100
101
104
105
109
110
111
112
113
114
115
116
117
118
119
120
123
124
125
126
127
128
129
130
132
134
135
136
139
140
141
142
144
145
146
147
148
149
151
153
154
155
156
157
158
159
160
162
163
164
167
168
170
171
172
173
175
176
177
178
179
182
184
185
186
187
188
189
190
191
192
193
194
195
196
197
198
199
200
201
202
203
204
205
206
207
208
209
210
212
213
214
215
216
217
218
219
222
223
224
225
226
227
234
235
236
237
238
239
240
241
242
243
244
245
247
248
249
250
251
252
253
254
255
257
258
259
260
261
262
263
264
265
266
267
268
269
270
271
274
275
277
279
281
282
283
284
285
286
287
288
289
290
291
292
293
294
295
296
298
299
301
303
304
306
307
308
310
311
312
313
314
316
318
319
320
321
322
323
324
325
326
327
328
331
332
333
334
336
338
339
340
342
343
344
345
348
350
351
352
355
356
357
358
359
360
362
363
365
366
367
370
371
372
