827
5
7
12
13
14
15
16
18
20
23
27
30
32
34
36
39
40
42
45
48
50
51
52
61
65
66
68
69
74
75
77
80
85
89
91
92
98
103
106
108
109
110
111
115
122
129
131
132
133
141
142
144
145
147
152
154
155
168
170
178
179
183
184
185
186
192
197
199
202
206
208
209
212
215
216
217
218
220
224
226
227
230
231
232
237
243
244
245
248
253
255
263
268
271
273
275
277
282
286
288
290
295
298
300
304
306
307
314
323
326
328
330
334
335
342
354
358
361
365
366
369
370
372
375
379
382
387
389
390
391
392
400
402
403
409
410
411
414
416
417
422
428
430
431
436
445
446
447
450
452
454
458
471
472
474
477
478
485
486
487
488
490
491
495
497
498
501
505
508
516
517
521
522
523
524
530
536
537
544
554
555
557
563
564
568
569
571
572
574
575
580
582
583
584
590
593
595
596
602
606
608
618
619
621
630
637
641
642
643
644
646
651
652
653
654
655
659
663
666
667
669
670
673
681
684
687
689
696
697
698
700
701
703
704
705
707
712
714
719
720
724
728
730
734
740
745
747
748
749
752
753
754
757
760
764
765
768
770
772
778
786
787
788
789
797
802
803
804
808
818
826
832
837
844
845
846
853
854
856
862
865
868
872
887
890
894
896
897
899
904
912
914
917
918
921
924
925
927
928
929
931
933
937
939
944
948
950
954
958
961
963
964
965
967
971
979
980
982
983
990
991
994
996
1002
1003
1012
1015
1016
1022
1024
1026
1032
1040
1046
1047
1048
1049
1054
1065
1069
1070
1086
1091
1094
1097
1101
1102
1103
1104
1106
1108
1113
1114
1119
1126
1128
1131
1146
1154
1158
1162
1164
1167
1171
1175
1177
1179
1186
1190
1191
1193
1197
1198
1199
1200
1204
1206
1208
1210
1211
1218
1221
1222
1224
1226
1227
1233
1238
1239
1240
1241
1244
1246
1248
1249
1262
1272
1276
1277
1279
1280
1285
1292
1294
1300
1325
1327
1333
1334
1336
1340
1344
1348
1351
1353
1355
1357
1358
1360
1361
1369
1370
1371
1374
1377
1385
1386
1389
1394
1395
1396
1398
1409
1412
1414
1425
1434
1444
1445
1450
1453
1460
1461
1464
1467
1468
1469
1470
1471
1473
1478
1480
1482
1483
1489
1494
1496
1501
1505
1507
1508
1516
1517
1518
1522
1526
1532
1534
1538
1540
1543
1550
1551
1553
1557
1558
1559
1562
1565
1567
1569
1572
1575
1577
1584
1588
1590
1593
1595
1599
1601
1604
1606
1609
1610
1612
1613
1614
1615
1616
1617
1619
1620
1621
1622
1625
1626
1629
1630
1634
1636
1649
1650
1651
1653
1654
1656
1657
1660
1662
1672
1675
1680
1682
1688
1693
1699
1701
1702
1706
1708
1711
1717
1718
1719
1720
1722
1726
1730
1734
1737
1740
1742
1743
1744
1753
1755
1758
1759
1761
1762
1767
1768
1771
1773
1774
1776
1779
1780
1787
1790
1792
1794
1795
1798
1799
1801
1802
1803
1804
1807
1808
1811
1816
1817
1818
1824
1827
1828
1834
1845
1848
1856
1862
1864
1865
1870
1871
1872
1876
1878
1881
1882
1884
1889
1900
1920
1922
1923
1926
1927
1930
1932
1938
1939
1940
1942
1943
1945
1946
1947
1948
1949
1954
1958
1960
1961
1962
1966
1968
1983
1989
1992
1994
1999
2002
2003
2006
2013
2016
2019
2021
2026
2027
2031
2032
2033
2034
2035
2043
2045
2052
2059
2061
2063
2064
2070
2078
2079
2082
2086
2088
2090
2091
2096
2098
2099
2100
2102
2103
2106
2111
2114
2125
2126
2130
2143
2144
2146
2148
2149
2155
2159
2160
2165
2168
2170
2171
2175
2176
2177
2183
2186
2189
2191
2193
2196
2197
2199
2200
2201
2203
2204
2208
2209
2213
2225
2236
2237
2238
2241
2242
2248
2249
2253
2257
2261
2264
2276
2277
2282
2285
2298
2301
2308
2309
2310
2311
2317
2321
2323
2324
2326
2327
2328
2336
2344
2349
2351
2352
2354
2355
2360
2362
2370
2371
2374
2376
2380
2381
2382
2393
2394
2396
2397
2399
2400
2408
2409
2412
2424
2427
2431
2432
2438
2441
2445
2446
2447
2449
2450
2453
2454
2456
2457
2460
2461
2463
2465
2466
2469
2470
2475
2477
2483
2487
2490
2494
2495
2496
2497
2502
2503
2504
2508
2509
2511
2512
2513
2516
2520
2528
2529
2530
2531
2538
2539
2540
2542
2543
2546
2547
2551
2557
2564
2569
2574
2575
2577
2586
2589
2591
2592
2593
2596
2598
2603
2607
2610
2613
2615
2617
2619
2620
2622
2623
2624
131
0
1
2
3
4
5
6
7
8
9
10
14
15
16
17
18
19
20
21
22
23
24
26
27
28
29
30
31
32
34
39
40
41
42
43
44
45
46
47
48
49
50
51
52
53
54
55
56
57
58
59
60
61
65
66
67
68
69
70
71
72
73
74
76
78
79
80
81
82
83
84
85
86
87
89
90
91
92
93
94
95
96
98
99
104
105
106
107
108
109
110
111
112
113
116
117
118
119
120
121
122
123
124
125
126
127
128
129
130
131
132
133
134
137
142
143
144
145
146
147
148
149
151
152
153
154
155
156
157
158
159
