488
1
2
4
9
12
14
15
17
18
22
24
25
35
36
45
53
56
63
73
76
81
85
98
103
107
109
115
116
124
126
133
134
136
145
147
149
157
165
172
174
176
177
180
182
185
193
205
207
210
211
213
226
227
235
245
247
248
249
251
254
257
260
262
266
276
278
281
283
284
289
296
297
298
303
305
306
310
330
340
346
348
356
359
361
373
379
388
390
394
395
400
407
410
421
424
425
436
438
442
453
455
462
463
466
469
474
478
483
490
496
497
504
505
506
509
513
517
526
529
533
534
538
539
542
550
560
567
572
573
575
586
590
601
604
609
624
625
629
634
636
642
648
651
659
667
669
674
683
697
698
702
711
714
715
718
719
727
749
755
761
764
765
766
768
771
776
777
785
788
791
792
794
799
801
810
813
814
826
830
836
839
842
844
845
850
851
853
855
858
861
865
869
872
874
877
878
883
897
900
901
905
908
911
913
915
917
920
922
929
934
937
939
943
946
948
952
953
961
971
976
978
984
988
991
994
1000
1002
1013
1015
1025
1026
1027
1028
1041
1053
1055
1059
1061
1064
1066
1068
1073
1075
1077
1078
1079
1086
1092
1095
1103
1104
1115
1118
1131
1135
1145
1148
1151
1154
1164
1166
1176
1177
1182
1186
1190
1193
1194
1195
1201
1216
1223
1225
1228
1237
1239
1242
1244
1247
1255
1257
1258
1265
1272
1274
1276
1277
1283
1288
1296
1308
1311
1312
1315
1319
1320
1323
1325
1327
1336
1340
1351
1352
1354
1356
1360
1361
1362
1368
1371
1388
1389
1391
1394
1395
1396
1401
1403
1404
1406
1411
1423
1424
1430
1433
1439
1441
1450
1453
1461
1464
1467
1470
1486
1493
1494
1495
1498
1499
1501
1505
1511
1516
1528
1529
1532
1535
1545
1546
1552
1553
1555
1557
1562
1564
1565
1573
1577
1581
1586
1588
1591
1599
1604
1608
1609
1610
1623
1626
1630
1635
1636
1640
1642
1643
1645
1651
1654
1658
1661
1673
1680
1693
1697
1701
1702
1708
1709
1717
1719
1728
1729
1730
1733
1735
1745
1748
1750
1755
1766
1771
1774
1783
1791
1794
1795
1796
1799
1802
1803
1806
1807
1808
1815
1819
1837
1841
1856
1857
1858
1859
1861
1862
1871
1873
1876
1878
1891
1902
1905
1906
1908
1917
1918
1921
1924
1925
1931
1932
1944
1948
1950
1958
1974
1978
1987
1993
2000
2006
2007
2012
2015
2016
2025
2032
2038
2040
2041
2044
2050
2051
2057
2061
2063
2068
2069
2071
2091
2095
2101
2109
2111
2117
2131
2133
2134
2135
2137
2139
2140
2141
2143
2148
2154
2155
2163
2165
2182
128
0
1
2
3
4
5
6
7
8
9
10
13
14
15
16
17
18
19
20
21
22
23
26
27
28
29
30
32
33
34
40
41
42
43
44
45
46
47
49
50
53
54
55
56
57
58
59
60
62
63
64
66
68
69
70
71
72
73
74
75
77
78
79
80
81
82
83
84
85
86
90
91
92
93
94
95
96
97
98
99
100
105
107
108
109
110
111
112
113
114
118
119
120
121
122
123
124
125
126
127
128
131
132
133
134
135
136
137
138
139
140
145
147
148
149
150
151
152
153
154
157
159
160
162
163
164
165
166
