683
0
1
2
3
4
5
6
8
9
10
11
12
13
14
15
16
17
19
20
21
26
28
29
32
33
34
36
37
40
42
44
45
48
49
50
51
52
53
55
58
59
64
66
68
69
70
72
74
75
77
78
79
81
82
83
84
86
87
89
90
94
96
100
102
103
104
108
109
110
111
113
114
116
117
118
120
121
123
126
127
128
129
130
131
133
136
137
138
139
142
145
147
148
151
152
153
154
155
157
159
160
161
163
164
165
166
167
168
171
173
178
179
180
181
185
187
190
191
192
193
194
195
196
198
201
204
205
207
209
210
212
213
214
215
216
217
219
224
226
228
230
231
232
233
234
235
237
238
240
243
244
245
249
250
251
252
253
255
258
259
261
263
264
266
267
269
270
271
272
273
274
276
279
280
281
284
285
286
287
289
290
291
292
293
294
295
297
299
300
301
303
304
306
308
309
310
311
312
313
314
316
318
319
320
321
322
323
324
325
327
330
332
333
334
335
336
338
343
344
345
347
348
349
350
351
352
354
356
359
361
362
363
364
365
366
368
369
370
373
375
376
377
379
381
383
384
385
386
387
388
391
392
393
394
395
401
402
403
405
407
409
411
413
414
418
421
422
423
425
426
427
429
430
431
432
433
434
436
439
440
441
444
445
446
447
448
451
452
453
454
459
460
461
466
468
470
471
472
474
475
476
478
481
483
486
487
488
492
495
496
497
499
503
505
506
507
509
511
516
518
519
520
521
522
524
525
526
527
528
529
530
534
536
537
538
541
543
544
546
548
549
550
552
553
555
556
557
558
561
562
564
565
566
568
570
571
575
578
579
580
581
583
584
587
588
590
591
593
594
595
597
598
599
600
601
602
603
604
606
607
608
612
614
617
618
623
624
625
626
627
630
631
633
634
635
637
639
640
641
642
645
646
649
650
651
652
656
658
662
663
665
666
667
669
670
672
675
676
677
679
680
681
683
686
687
688
689
690
691
692
694
695
696
697
700
701
702
703
704
705
708
709
710
713
717
718
719
720
721
722
724
725
727
728
729
732
735
736
737
739
741
742
743
744
745
746
748
750
751
752
755
757
758
759
760
761
763
764
765
770
773
775
777
778
780
782
785
786
789
791
793
794
797
798
801
803
805
806
809
813
814
815
816
817
819
820
821
822
823
825
826
828
829
830
831
832
835
836
837
838
839
843
844
845
847
848
850
852
855
856
858
859
860
862
865
866
868
869
870
871
872
877
878
879
880
881
884
885
886
889
890
891
894
895
896
897
898
899
900
901
902
906
908
909
910
911
913
914
915
916
919
920
921
922
923
924
925
926
927
928
930
931
932
933
934
935
936
937
938
944
945
946
947
949
954
956
957
959
960
961
962
965
966
967
968
969
970
972
977
979
981
983
984
987
988
989
990
992
993
995
997
999
1001
1003
1005
1006
1007
1009
1010
1011
1012
1014
1015
1016
1017
1018
1019
1020
1024
1025
1027
1028
1029
1030
1032
1033
1034
1035
1036
1040
1042
1043
1046
1047
1048
1049
1052
1054
1056
1058
1061
1062
1063
1064
1065
1067
1071
1074
1075
1077
1078
1079
1082
1088
1089
1092
1093
1100
1101
1102
1103
1105
1107
68
0
1
2
3
5
6
7
8
9
10
11
14
16
18
19
20
22
23
24
27
28
29
30
31
32
35
36
37
38
39
41
42
43
45
47
48
49
50
51
52
53
54
56
57
58
59
60
61
62
63
64
65
67
68
69
71
72
73
75
76
77
78
80
82
84
85
86
87
